(((((399,13240),((2747,5701),((5960,14673),((447,6646),(10085,12336))))),((((12922,14906),(4453,(4099,14836))),(9588,(4596,(11290,11583)))),(6439,((742,(5904,14063)),(13284,((2409,8473),((12293,12768),(1081,(4265,14911))))))))),((10447,12354),(((13688,(2375,(1896,(2722,7530)))),((((((11668,(2828,3862)),(8440,8841)),(4322,(10995,(4276,((5344,((7284,(2178,9724)),(628,9059))),(9280,((14246,(6859,12846)),(((5168,(3425,10906)),((1524,(5218,(7067,7873))),(8430,(4104,9386)))),(7715,(((160,(1438,10938)),(12254,(15624,(3779,5941)))),(99,9013))))))))))),(12558,((1474,8491),(((14804,(2713,9124)),(13838,(7679,10039))),(1584,8630))))),((8335,8361),(753,4794))),(7474,14443))),(7129,(14348,(5402,11247)))))),((2928,2989),(2167,11999)));
(1179,((9816,(2697,7881)),(((((14650,(10774,12390)),((7059,(833,((1048,((10123,(13041,(3865,6587))),(6629,((2000,(5252,8635)),(((6459,(6928,(4211,14777))),(2142,(13707,((((4066,5338),(8562,12153)),(4095,(15126,(3042,11755)))),((2516,(11400,(381,(1886,15085)))),((266,(847,3160)),((12281,13158),((15407,(9972,(15123,(8987,12134)))),(3569,(1695,7611)))))))))),(2285,((3490,5988),(1328,(1875,(1920,15014)))))))))),((5453,15639),((8541,(211,10943)),(9320,(7925,12756))))))),(12389,((1905,6770),(9811,13956))))),(11644,(1011,(5593,14266)))),(5191,9304)),(((566,(13846,((2842,8402),(8560,(4479,9714))))),(10065,10236)),(((5480,(5427,15635)),(161,(5982,(14784,(6387,(9709,10511)))))),(14195,(7186,((2659,2804),(8106,(4924,10784))))))))));
(14370,((11251,(15553,(8545,(731,11985)))),(6592,((14372,(1630,(10989,14505))),(4093,((((9888,(((((2861,4655),(2912,4430)),((((6322,11040),(8074,13251)),((6165,9621),(4122,(3747,(5655,5849))))),((11738,(14713,(1914,8888))),((4409,7716),((6968,12735),(3853,(6529,(1499,4094)))))))),(1037,2116)),(4150,5878))),(((7185,(14707,(6456,(((1795,5175),(12447,(1813,(2721,2992)))),(5399,(8041,(5839,(3899,4046)))))))),((13629,(345,7734)),(3374,(2426,(12672,(5785,(10095,(4253,6524)))))))),(((12482,14872),(9120,15413)),((((12457,(9824,(2362,9068))),((9879,(665,8924)),(1866,8033))),((8032,8842),(9615,10611))),(11275,(1160,8521)))))),(7538,12451)),((1108,7766),(14285,(7720,((3303,6902),(((5497,12351),(1878,2190)),(8075,15005))))))))))));
(11845,(11823,((((5335,((10001,(12091,(6972,9934))),(10018,(2679,(8098,14717))))),((1049,(5747,(12511,15636))),((7936,11970),(11775,(15026,(4804,5791)))))),((5823,7633),(9072,(2660,13856)))),((4488,14031),(((194,((9462,13130),(1921,5850))),((((3918,4098),((32,12617),(9089,10483))),(3696,(7666,(9808,15525)))),(13111,((31,(15638,(2296,(10008,11793)))),((5257,((14135,(((6952,(5962,(14004,(((((4321,(525,10073)),(5133,((4590,12217),(11569,(12931,(6800,7283)))))),((6481,(4237,(812,9984))),(((7348,8855),(10360,13859)),(1992,(4829,(8243,11037)))))),((4292,(13004,(2170,6411))),(2175,(10622,(10140,14172))))),(7090,((1936,(142,3632)),(1282,7377))))))),(11562,12950)),(1585,7701))),(7904,12097))),(5731,7072)))))),(272,(1659,4254)))))));
(6272,(((13898,(8312,(((((((4139,(2925,(12459,(9053,14604)))),(6724,(10472,10785))),(((2595,4277),(8271,9914)),(8740,(6442,9654)))),(1424,((6674,(14869,(2896,11122))),((((5922,(1245,8015)),((1300,2669),(9225,(3409,4799)))),(11961,((55,1903),((13497,15024),(3367,3670))))),(3616,9397))))),(1214,(10099,((6893,11443),(7782,((15361,((322,3164),(8966,(((11316,((98,(10088,(7773,(13006,(377,393))))),(4976,((14474,(2569,15004)),((10890,(12058,15287)),(54,15649)))))),(((2196,2737),((1229,(12330,12878)),((12502,(4742,9410)),(22,(13021,(4830,4880)))))),(11868,12023))),(13015,(3840,15567)))))),(10192,11187))))))),(9295,14416)),(12918,14204)))),(4054,6174)),((3739,(3129,15081)),(((2808,(4563,15531)),(6256,(4940,5457))),(1805,5202)))));
((((1146,5122),(5570,10861)),((9074,(12831,(2739,8187))),(((12697,(7005,11105)),(8471,((5425,(9546,(1020,(5980,(((8805,(9560,((10816,(2966,8940)),(((10057,(2053,8865)),((8827,((11474,(1572,15334)),(8197,(8592,(11458,15681))))),((9148,(((12938,15195),(7564,(4806,12789))),(7060,11633))),((11145,13073),((10720,(4603,((1363,2972),(1094,10265)))),(9846,(1046,14814))))))),((13013,(5506,5968)),(1361,((15216,(13636,(9252,13903))),(7712,13677)))))))),(10288,(14966,(15102,(4660,11297))))),(13826,(5274,14552))))))),(((1442,14085),(9750,10451)),(10799,(8069,(((7963,8506),(1604,10075)),(7798,(294,15511))))))))),(12303,15443)))),((1185,((7084,8332),((305,(11242,(6760,10339))),(3250,15342)))),(15568,(((2969,9610),(825,(9547,11735))),(1074,5680)))));
(8626,(8451,(1876,(6332,(11840,((((((3206,8259),(14049,((2789,7944),(11139,(1173,3721))))),(2724,(3443,11103))),(1706,(3759,6961))),(3138,6249)),((((1301,(8609,11907)),(13409,((832,13094),(((4438,12166),(8286,12429)),(1121,10220))))),((7804,((5357,(5408,10962)),(6585,(747,12842)))),(14390,((967,5068),((2829,9701),(2398,(49,4505))))))),((4225,(((2019,(2022,(13414,(((1280,(((7626,10408),((((4335,5925),(3808,9782)),((1409,10680),(341,11851))),(2099,10797))),(12295,((2540,(4834,6860)),(5518,(14452,15605)))))),(5979,((13386,(13717,14964)),((13387,(717,950)),(9445,(12820,(5765,7947))))))),(1319,(9584,(7939,9484))))))),((5360,12668),(2854,(14347,(4131,(11043,14453)))))),((122,5605),(279,9905)))),(2628,(5209,12573))))))))));
(11717,((7968,((1669,(5400,((12162,(11545,15458)),(6691,13155)))),(((14989,(419,10407)),((7568,9106),(3233,(1047,4634)))),((4473,15329),((((12056,((4757,13290),((6890,7403),(6708,7750)))),(4974,(12155,(8980,(((9341,(3705,15150)),(558,7714)),((12100,12689),((1352,(7127,14883)),((((2401,(12081,15040)),(9625,9765)),(((15364,(7156,(13423,14638))),((4199,((2586,5996),(6504,9752))),(4193,((11326,(1941,(1024,13223))),(3822,9640))))),((5325,(5030,12309)),(11846,12879)))),(9224,(39,15122)))))))))),(10525,(12480,(171,10749)))),(10312,(10246,(((2875,(3461,12290)),((11066,(3917,13259)),((450,(11686,14599)),(6167,(2131,12201))))),(((5919,8246),((8305,10744),((3093,11504),(420,(12045,12078))))),(10776,(4561,(1065,2303)))))))))))),(3924,9878)));
(((((193,(9500,9590)),(3423,(2144,(12043,15181)))),((9920,(6485,(6016,13569))),((9201,(5318,(((235,11720),(3040,10064)),((((((4669,(12205,12897)),(1195,(9798,14302))),((6296,7979),(8320,(5527,(5001,12395))))),((9015,(10021,(4165,((15485,((6273,14967),(15452,(9676,(9392,(6298,(4678,15038))))))),(8672,((((1980,(1186,(1617,6527))),((780,7307),(1019,(3281,(6394,8201))))),(((11012,13522),(13056,14851)),((57,(103,7097)),(10324,10843)))),((7046,(1374,(6705,8035))),(7214,((7890,11535),(9300,12852)))))))))),(4663,(10932,(13200,(9061,12035)))))),((7161,(8283,(9,1303))),(3773,13700))),((7910,11603),(2617,(4149,8028))))))),(8097,((7231,(13167,15063)),(10214,12449)))))),(13957,(5286,((1452,8726),(10238,(9277,13422)))))),(6312,7398));
((3942,8229),(14080,((((((((690,(8265,10693)),(1582,15182)),(14463,(6449,11142))),(6901,11408)),(((14612,(3881,13862)),(13483,(7179,13333))),(8,12859))),(((14206,14283),((3660,(8620,14840)),(14513,(4553,(11950,15007))))),(1326,1985))),(((4666,11186),((9797,(11097,12577)),(3411,(14882,(10199,12396))))),(587,14056))),((((((4781,5594),(11190,(760,5395))),((4728,((2289,(7875,15558)),(840,(2390,(9073,13494))))),(((((4490,(13099,(11957,15664))),(1136,((4124,(4943,12778)),(1680,5986)))),(3293,(96,3444))),(((12635,(8595,((8431,((1994,8797),(2097,11760))),((15577,15661),(14834,(10507,11078)))))),(7822,7964)),(592,8343))),(688,13577)))),(((7514,13828),(13463,13848)),(4525,(7043,12646)))),(6689,(3079,6680))),(948,(2803,(859,13180)))))));
((3148,(((((9769,((15418,(2743,3465)),(550,8044))),((3002,(12311,((3222,(1670,((7326,(6885,(12406,13958))),(778,((10118,(9641,(15350,(2021,2855)))),(((813,(7956,((3639,10458),(1730,9941)))),(9651,(((13800,(9294,14219)),(((972,3062),(579,9185)),(((((1968,15510),((1485,13955),(3231,13529))),(10803,(7853,(2029,3493)))),(9449,(2222,8443))),((11937,12749),(7143,15689))))),(((1310,((7136,14765),(133,10879))),(5420,10778)),(9094,15336))))),(10272,(5828,13952)))))))),(1950,((8444,9231),(14306,(7341,7893))))))),((7658,(11141,13288)),((12325,(5159,13664)),(13055,(9992,10670)))))),(373,(2176,6751))),(11455,(13143,13746))),((13153,(5964,7942)),(((3058,11849),((9204,11856),(4549,6550))),(15343,(14382,(4730,(6424,9150)))))))),(1466,14007));
((4418,13356),(11100,((8857,(8949,(((2154,8217),(4851,14579)),((14654,((((((15650,(517,(6311,11913))),(10381,14770)),(3414,(11179,12280))),((8140,(11212,12884)),(4060,12893))),(((12863,(3412,6483)),(1781,4191)),((6804,9643),(9437,(7741,(908,11205)))))),(1473,(637,(8110,(9917,((((4539,9130),(872,7140)),(12695,15522)),(12813,(3561,(((((10318,(8050,12643)),(7674,((2488,10777),(11253,(12616,14920))))),(5691,((6433,13399),(298,15055)))),(2524,((9685,(1646,(4434,10933))),((((831,(4508,10849)),(10390,12294)),((7509,(169,3398)),(4263,14198))),(3147,4437))))),(2136,(3237,3566)))))))))))),((6824,11332),(14870,((7357,(3869,((3426,8689),(12538,(4013,5211))))),(9548,10518)))))))),(8588,((5003,7080),((2327,(5416,7958)),(3674,12050)))))));
((116,1874),(((4077,15049),((2367,11223),((9911,((2003,14182),(4966,8088))),(5498,(5864,(5101,13584)))))),(((3896,10762),(((4622,((6491,13375),(((1536,(15358,(15173,15645))),(3292,(1454,9962))),(12698,(2182,10434))))),((((9670,(6745,(849,6501))),(5717,(4978,6064))),((7543,((15218,(12260,(4509,(8204,(1846,2344))))),(3111,7061))),(9160,(157,(664,15210))))),(12093,(5482,(4489,((8490,14157),((3643,((8699,13827),((6149,(10577,(7808,13330))),(581,13853)))),(5107,((((2497,6050),(3069,(2568,10034))),((13457,(8406,(8515,(4494,14975)))),(((4739,14926),(15481,(4280,7303))),(1178,((1995,9499),(((11839,(1228,2012)),(387,(3197,12334))),(6474,(13092,13548)))))))),(3240,5688)))))))))),(9881,(6719,12898)))),((4189,6031),(7505,10692)))));
((2183,6135),(14544,((1965,(8174,14264)),(((1750,((11270,12332),(2840,3835))),(((11518,(10038,(7643,11018))),(((15521,(1227,(5484,((12370,((15209,15257),(14504,(((854,(10791,(((577,(2257,(15476,(9801,(5903,11398))))),((11646,(11752,(((823,11503),(7469,9731)),(13625,(5306,(10844,14572)))))),((((1650,7501),(2991,((3406,(9298,12485)),(7285,14089)))),((2507,(1433,15249)),(729,2068))),(6866,(8218,(1969,12888)))))),((5276,12716),(2672,(6489,(10944,11529))))))),(((1719,3750),(7404,(383,15614))),(4657,7916))),((5951,13426),(2556,12906)))))),(2945,9402))))),(1881,(42,((12614,(163,(10266,11045))),(11410,(3663,(5780,12085))))))),(4852,(8227,(4778,((1323,(10228,(6716,7673))),(10454,(226,8756)))))))),(220,5342))),(2525,(11711,13377))))));
(((3662,11210),(11608,14773)),((10925,10950),(((505,13644),((11092,(((((4484,(1497,6058)),(13051,(8067,((3027,12258),(11500,(7710,11675)))))),(((4648,(8686,(706,10383))),(3679,(2082,4589))),(11659,(7166,(2411,3229))))),(((922,11872),((1283,7460),(((3035,(3901,(((603,4856),(192,7286)),(((2501,(3073,10173)),((12456,(14971,((11658,(5762,(5256,8728))),(95,(2333,13773))))),(((12479,(13017,(3312,8632))),((4638,13186),(5743,6887))),(11613,12981)))),(((14551,(13159,14027)),(2394,(((3125,7480),(9699,9944)),(14363,15146)))),(11781,((700,3955),(556,3683)))))))),(15065,15459)),((6084,10684),((5781,6879),(3269,4389)))))),(4315,10433))),(7247,(5901,10498)))),(11753,14102))),(((12484,(884,11891)),(513,(186,7955))),(1477,(7443,8410))))));
(2085,((6478,(3528,13095)),(11317,(1830,(15595,(((4689,(14534,(7648,(15537,(14091,(3236,4371)))))),(3604,13176)),(2752,((((937,(13102,(8833,13318))),((10349,(4381,14811)),(2179,(2124,5735)))),((11397,13552),(320,(2605,(4613,((7489,(755,12849)),(2906,8080))))))),(((13277,(((8703,(978,(((((2162,(1932,15420)),((8133,(8528,11064)),((5248,6244),(8958,(8731,(1629,9290)))))),(2328,(1912,13627))),((14362,(1712,15659)),((((8079,(12245,(12315,14878))),((4111,9995),((5725,(3266,12647)),((15461,(7551,13567)),(5265,13815))))),(5862,((3970,9981),(318,((3754,11887),(5937,6118)))))),(4932,((2725,(1696,2948)),(332,2379)))))),(10674,(12978,(7531,12523)))))),((2603,2670),(7975,(3846,12839)))),(4390,11366))),(376,13165)),(1439,6260))))))))));
(13561,((9718,(((((2553,(7695,9230)),((3854,(1265,((1612,9708),(13686,((15484,(5950,((9910,(6943,11818)),(4357,(11757,(1340,2694)))))),((11630,(670,6136)),(9451,((5516,(8233,(12606,(10482,(8284,(2733,11271)))))),(((((15416,(10376,11638)),(1286,(3767,4988))),((11619,15630),(7107,14965))),(8345,(5005,14730))),(12047,(3150,(8314,11573)))))))))))),(3799,((15272,(9391,(11598,(9062,9265)))),(1431,8760))))),((12536,(7337,(4909,14587))),(((7281,(197,13070)),((((12380,(12883,(5740,(536,11953)))),((6267,13531),(743,14510))),(12221,((4170,4836),(2814,3582)))),((((3650,8603),(14123,15206)),(11971,(698,10526))),(10616,11222)))),(4625,(7045,(4326,11386)))))),(9233,(13685,14928))),((8627,(5675,10875)),(8917,14942)))),((2589,10111),(10570,10764))));
(5512,(11765,((3603,(2405,(5635,8777))),((14220,(10633,12176)),(12810,((3,13672),(11827,(((((14659,(4174,13989)),(13436,(6721,(4763,12726)))),(10335,((2023,2511),((650,6996),(9563,(4665,14260)))))),((12392,(1198,(((11580,(3152,(3220,(6788,12973)))),(6395,(9171,(1954,11195)))),(7705,(9117,(11958,13306)))))),(14075,14573))),((196,10394),(9587,(6545,((5867,11295),(2621,(13033,(12371,((3155,((((10687,13987),((1656,(15663,(8951,(11651,15632)))),((5451,8145),((3487,15207),(4190,12455))))),((14676,(8569,(3385,(8750,12541)))),((1589,(4545,(6289,7199))),(((5627,10562),((2290,7011),((4194,7897),(9860,12403)))),((14759,(2139,(10830,(12154,12161)))),(((10406,12227),(1476,8956)),(5758,8100))))))),(9561,(3276,3921)))),(12376,13799)))))))))))))))));
(4429,((((6842,15359),(10250,((8383,((5299,7708),((13562,(1531,4955)),(12381,(6090,(1990,((641,5117),(9428,12661)))))))),((5826,14596),(14757,(((9899,(7826,((270,7928),((11670,((1537,1600),(4216,8263))),((7878,(3848,(6116,14401))),((921,((14100,(6028,(2583,2864))),(7144,9552))),(1520,15312))))))),((7,(3564,4619)),((7052,12510),(14653,(3615,6967))))),((6355,9083),(((33,3026),(((7488,(11537,(((15450,(3245,(1563,11899))),((10450,(14589,((5073,6555),(3905,4496)))),((((10217,(11505,(865,(34,14529)))),((5242,10112),((3388,4366),(2027,(8967,(1069,4889)))))),(1196,4727)),((1819,2075),(14332,(1435,5336)))))),(5150,(2818,3708))))),(221,(997,12781))),(3763,(7593,14066)))),(6175,15501))))))))),(465,6226)),(2820,6492)));
((773,11240),((1355,(12658,(359,7094))),(((7938,14857),(10071,(540,9672))),(((14299,14954),((1343,(1714,((15191,(3247,((9076,14812),(4002,(3949,(9585,((174,13039),(1158,((9395,13257),(((7830,(14960,(3634,11292))),(8634,14129)),(((((11482,14821),((3090,(1900,2386)),(9078,(7953,(6765,9611))))),((12737,((11322,14356),(9356,13002))),(8482,(5907,(((10260,11060),(2321,13967)),(13236,(5644,(5352,(6923,14680))))))))),(13610,(11201,(2823,6930)))),((11038,(1152,14646)),((9380,(12475,(6753,6768))),((1503,(8716,(9155,9498))),(15025,(9415,14667)))))))))))))))),(3906,12838)))),((((6194,15254),(11628,(6477,8848))),(8794,((9541,((4786,10689),(4411,14556))),(1611,(11425,(6853,12237)))))),((7018,12029),(7767,(4789,10052)))))),(433,(3305,4404))))));
(7196,(((6457,(11298,11471)),(3168,(10539,((((9235,(7339,(9963,((3804,((8134,14732),(7145,(9399,(2191,10895))))),(5458,((14165,15587),((((11000,(4299,8359)),(6807,((8472,(6497,12048)),(((((8010,15051),(13410,(212,4228))),(1156,12256)),(13747,(8734,(10490,12712)))),(((9936,(12752,14988)),(707,6323)),((11873,(2122,10074)),((1822,9324),(9712,10804)))))))),(((((8084,(10048,13295)),(7962,(2359,7459))),((5727,(10553,13784)),(11434,12225))),(15500,(13075,13339))),(9688,(10638,14725)))),(13043,(12323,(7079,14174)))))))))),(3762,14647)),((3932,4233),(871,((2192,4393),(5249,14643))))),(7273,((8997,11620),(4468,4917))))))),((8325,(5640,(1725,(6725,14313)))),((4471,(4385,(8159,14357))),((9921,(12886,(8089,8278))),((7328,13931),(2895,15120)))))));
(11024,(((3363,(777,15018)),(2186,(15300,((6384,(7669,(((2626,15390),(10618,(12913,(5846,6380)))),((8587,(15623,(946,6548))),((7200,(1945,11902)),(10952,14374)))))),((3256,(6590,(5084,7738))),(1368,(4406,(15437,(11116,(((6172,7308),(100,(2414,8622))),(5196,((3626,7244),((2171,15421),(((((14042,(975,1202)),(5254,9527)),(835,15396)),(((2251,((5942,9100),(10971,(4517,7803)))),(((1854,12772),((((1491,2653),(1339,(153,6989))),(7699,((14050,(13618,14762)),(4063,12865)))),(8103,13369))),(7437,((352,((796,9720),(1008,8040))),(491,9891))))),(11441,(11949,12331)))),(1312,(8435,12946)))))))))))))))),((((((8555,12819),(606,(3216,5721))),(3417,14001)),(11065,(1165,4407))),((6447,9737),(3872,14272))),(13252,(10094,(4127,12746))))));
(((15427,(12924,(19,(8198,13179)))),(3531,(6620,(((((231,(11346,14775)),(9127,13714)),((781,14662),(((4922,(9764,(1710,13442))),((6539,11558),(1360,7000))),(14143,14209)))),(((4737,(9081,(3489,4697))),((154,11654),(13256,(15444,(9093,12857))))),(12848,(5189,((11641,15445),(3472,11621)))))),(10293,(6054,(12018,(10453,(((2853,(14431,(((((7584,14829),(6295,15331)),(11144,15177)),((991,((14273,(8832,9624)),((5855,(8420,10240)),(2378,(3731,(11524,12696)))))),((5722,8503),(((7557,9365),(((1036,14925),(3610,(4936,7087))),(5240,9514))),((6125,((602,(348,2468)),(739,(2046,2218)))),(12228,((11051,14131),(8158,((2466,(3207,3987)),(3793,13451)))))))))),(4933,11556)))),(11875,14238)),((646,(148,11209)),(7840,11623))))))))))),(6704,12277));
((((((15052,(((4890,12469),(5376,(7994,11530))),((6594,11352),(9071,14201)))),(4677,15666)),(4579,14072)),((14141,(((2748,10691),(3179,6699)),(10660,10829))),(((13082,(3446,4423)),((10601,(1535,1997)),(2072,(767,12241)))),((9956,14048),(3816,(12579,(7926,14861))))))),((5508,(11773,14058)),((6516,(10377,(8834,(70,1603)))),((11194,(4792,(11817,15328))),((3695,(2357,13090)),(((((14623,15094),(4208,8469)),((14981,((4082,10556),(14849,(4598,(((1713,(8226,(14295,(3097,3584)))),((3441,(1354,(4658,(9394,13286)))),((5090,10445),(3176,12822)))),(((10642,(6410,14192)),(1784,2624)),(8762,(4442,15313)))))))),(4422,12394))),(15293,(2622,8525))),(((8387,((2279,8460),(1115,(10970,14276)))),(15492,(8651,(2202,11248)))),(5131,14227)))))))),(384,14231));
(14799,(((5222,(12285,13320)),(6917,((8340,10644),(912,8414)))),((6166,8461),(8392,((8670,((8403,8546),(14584,15482))),(((((3074,(((7642,(6577,(2809,((((1948,(9292,(9494,14974))),((((((3891,(3786,6237)),(9173,11904)),((12720,15509),((5079,10711),(8819,(7761,(14068,15441)))))),(3878,7930)),((4948,5963),(11582,12297))),(9570,(1215,9332)))),((6855,8580),((15159,(5810,(9244,9257))),(7535,(7899,11138))))),(12509,(4090,6803)))))),(8838,(2338,8705))),(5307,12119))),(1399,12150)),((13429,(7562,14595)),(5472,(1142,(5545,(1168,(2164,5382))))))),(143,9909)),(2593,((9645,((((2926,13381),((4279,((7676,13851),(10941,12556))),(11117,15504))),(13162,15371)),((1722,13605),((9490,13631),(1162,(2640,4071)))))),((1271,7558),(6845,12470))))))))));
((5374,12930),(((((13011,15388),(843,5598)),(1779,7526)),(5163,(3654,(5288,(417,4348))))),((10043,(15637,(5723,7257))),((((15325,(((7579,(1895,((1123,(((5233,(7002,9133)),((146,13199),((9008,(7360,(2306,11716))),(((((4592,(13578,14681)),((2444,5643),(8120,12845))),((2259,(15394,15471)),(244,(1993,7726)))),(1099,((8809,14816),(4860,(8936,13112))))),(((10555,(15265,(5375,9742))),(15674,(3834,(5829,((3213,6801),(11072,11742)))))),(2850,(13942,(10671,14797)))))))),((427,2796),(4726,((10155,(12310,(4872,5132))),(5614,9957)))))),(8646,12596)))),(3886,4179)),(5147,(1972,(10487,(3332,6602)))))),(955,((2244,12890),(990,(5586,15579))))),(((1634,(6877,14093)),((35,(5842,14863)),(1078,8096))),(1930,13953))),(9678,(12307,12576))))));
(1820,(((10617,(14155,(((15479,(5776,11359)),(((3697,(1054,10284)),(7407,(14059,(11520,(((2342,7554),(7572,((3847,7442),((10783,(8866,9195)),((67,7192),(14669,(3190,14009))))))),(15415,(4546,12357))))))),((3841,(5739,6250)),(344,9022)))),(1655,((13128,(855,15545)),(8475,(10841,(((((((11776,11874),(1721,11791)),((7894,9985),(4300,14139))),(1744,11022)),((((10031,(10682,12718)),((11302,15104),(2835,(11826,(((973,8267),(1357,(5442,11433))),((6265,(2944,10990)),(7772,(10093,12601)))))))),((2334,(5983,(14497,(12006,14205)))),(617,12516))),(2759,7662))),(4087,(14538,14660))),(5544,9726))))))))),(10873,(1239,9907))),(((((8830,(1545,9721)),(8648,12654)),(6880,(10479,(7752,15434)))),(3894,(5028,(2650,8571)))),(9512,(966,(1164,8697))))));
((8121,(((2105,(8840,((13515,((7571,(13046,((2120,13135),((3944,(3967,6397)),(11407,13590))))),((11987,((((((12301,(2212,13595)),(2268,5141)),((5041,8415),(1446,(12843,13763)))),(((((4831,(7836,8336)),((14119,14262),((1892,(7354,11548)),(3560,(2155,4469))))),(62,2476)),((1850,11107),(13843,((1815,11828),(4229,(2848,13671)))))),(8047,13575))),(11095,12191)),(9744,(3574,7223)))),(5884,(870,11104))))),((6581,10370),((((1642,15676),(15128,(((7358,(5266,8920)),(4026,((10146,15439),((5021,13892),(10019,10588))))),(2582,12853)))),(1250,(4282,7632))),(((15205,(422,10787)),(1034,(472,2351))),(3431,6635))))))),(10327,10986)),(((282,(144,12123)),(13983,(6993,14733))),((248,1740),(6137,((13704,(6020,8530)),(6904,11430))))))),(6678,12723));
(((2002,(12784,((12366,((((11671,((((1341,(3908,(7722,9136))),(6103,((8477,(5833,13192)),(3557,15435)))),(((14232,(3890,7866)),(4232,(9436,9795))),(2324,(14628,(10437,12871))))),(4155,13209))),((1187,11774),(6498,8984))),(((12335,(1155,3087)),((5350,(182,5900)),(1437,8711))),(7638,(((9123,14738),(3008,14693)),(4573,12102))))),((6920,(9242,(10082,(10153,((11731,((11910,15360),((1273,10867),(14290,(905,4202))))),(2920,(((6737,10232),(4025,(10828,14242))),((8026,(7537,(4006,(7173,15116)))),((6432,6523),(7945,((2288,(11333,(4767,11324))),(6039,15580)))))))))))),(6261,7252)))),(9843,(2035,(((125,(2566,7158)),((4242,10444),(2420,8078))),(9489,12700))))))),(13857,14856)),(((4673,(8281,10641)),(2307,13673)),((8095,10135),(13127,15621))));
(2716,(2246,((((((9284,(3783,10379)),(992,(2232,(9969,14373)))),(7683,((6552,(6554,(5760,(2059,((((3966,7040),((10802,(6143,12148)),(4547,7747))),((7612,13110),((6876,13227),((2901,(3838,7300)),(((((11301,(10247,12292)),((1787,15619),((1780,12223),(5238,((14097,(4072,10003)),(2133,9501)))))),(8222,14323)),((12909,13517),(8614,14051))),((4331,(((4041,8180),(12454,(7604,(11011,(14304,(1167,10708)))))),(12348,(5706,11637)))),(((6854,(1373,12352)),(10069,(8248,8640))),(413,(1050,10253))))))))),(10908,(6509,(7929,(3527,((7950,9052),(2869,12877))))))))))),((6252,11421),(8643,((14515,(3682,14406)),(2442,9730))))))),(13049,(4735,12236))),(10643,11981)),(((1233,4593),(710,(11741,14447))),((1868,13583),((7577,14177),(3037,(3923,13172))))))));
((5114,((14284,14333),((2664,(640,1070)),(11023,(2011,15219))))),((354,(8304,14239)),(((9291,9375),(12080,12300)),((((9241,10578),(9405,(5710,((6160,((3907,(1565,(1902,2449))),(497,15480))),(2237,2459))))),(3261,((3089,(3077,15100)),(11106,((((3499,(1403,6667)),(6399,(6019,7995))),(4377,(9918,12284))),((3279,4236),(((((((7030,12443),(13490,(3819,(6234,8161)))),((6542,10508),((3082,14664),(14848,(5089,11110))))),((5033,14997),(8791,(11782,(6601,(6184,12483)))))),(3066,6027)),(((((14888,(8344,10765)),(1872,4497)),(4652,(5243,13702))),((15281,(6083,8979)),(15003,(5993,11946)))),(9735,((6429,11329),(5383,(600,5558)))))),(4808,(6603,(3123,10083)))))))))),((14983,(8983,(8437,((6913,8119),(12548,(8148,10621)))))),(12847,14207))))));
(4133,(((((8781,(9632,12328)),(9866,15514)),(8368,(1558,(13157,15050)))),(13242,(8573,(4632,13305)))),(4109,((((((1800,11973),((9440,(6010,14941)),(529,(6510,((4812,(15149,(8484,10573))),(13217,14282)))))),(14384,(425,8231))),((2430,5056),(((((5000,(1275,(793,1344))),((((15478,(3734,13245)),(3875,6008)),(1543,(10470,10585))),(6268,(3953,(1412,14806))))),(5295,(28,7835))),((11632,((2487,(3508,(10255,13977))),(4828,12049))),((4415,((5801,12928),(964,2432))),(1083,(13594,14539))))),(6896,(10205,(7528,((5870,(10195,14512)),((7461,(14986,(6413,13479))),((8868,9132),((((15020,(11178,13210)),((165,667),(5670,(41,5898)))),(9131,(2084,(5668,15561)))),((9177,9178),(9666,(2042,7621))))))))))))),(12743,(3271,6535))),(8695,9656)))));
(914,((9704,(9102,(5250,(4378,(810,5934))))),(((117,15346),(515,(8232,9218))),(2152,(((((3080,((2704,(2486,14367)),((6073,13543),(1004,10629)))),(5529,((357,15056),(808,12562)))),((2008,(8557,8887)),(1856,5774))),(3919,(((8804,(15385,(2058,(11134,((8774,(14624,((9156,(5372,10947)),((542,12792),(((((1757,10485),(12860,(3178,14722))),((13411,((6731,(11328,(14358,15391))),(2601,(4653,(7739,14860))))),(((3010,7371),(1044,(7590,11446))),(7010,12683)))),(8093,11574)),(((2115,(8921,8974)),(9347,14992)),(657,6659))))))),((7408,(1506,13922)),((47,(8905,(5871,(5385,11026)))),((2702,2938),(10257,(6607,((11783,15271),(4207,10781)))))))))))),(2092,15669)),((10145,(10435,11084)),(8390,(11809,(1107,2277))))))),(1131,(3451,4412)))))));
(13237,((((3882,(14,10334)),(10811,12961)),((((11561,(3915,9357)),(((((4744,(924,14329)),((7381,10423),((8844,(3023,(14150,(1087,((2365,6464),((4873,(1643,((7870,11509),(4311,(3030,10277))))),((462,(6124,(1295,4474))),(6912,((12458,13170),(((((1677,3094),(3976,9433)),(7850,10359)),((((794,7623),(1329,(4664,12059))),(15685,(((2435,4802),(302,(522,12675))),(11513,11677)))),(2788,(1702,11708)))),(6275,(11143,13340)))))))))))),((8739,(5795,12289)),(656,13718))))),((13947,(4833,((((4674,(6006,8644)),(11570,(8386,15167))),((7790,(2865,4624)),(9057,(555,11645)))),((2057,5832),(388,2952))))),(3641,11991))),((976,(714,9575)),(5086,(4235,11467)))),(13733,13993))),(4609,(4291,4774))),(12887,(2163,(7784,14683))))),(3277,10106)));
(1818,(105,(((((7882,8690),(9683,14006)),((145,(1068,6277)),(12187,(11667,(8953,9806))))),(8115,(3952,(4010,15028)))),(((12400,(2728,3275)),((((10428,(795,2374)),(((8873,10159),(9463,(8754,((6400,8897),(9741,12248))))),((5234,(9659,(6251,12422))),(11228,(4586,12632))))),(877,13335)),(6425,(4968,((3007,(5813,(3534,8811))),((14581,(13098,(((4058,9633),((7345,(7891,14708)),(4991,7500))),(5738,(9135,((((9789,(4675,5460)),((11737,14943),(((1984,(3307,5087)),((4250,4931),(((3812,4118),(2273,11837)),((9264,10393),((14651,(2911,12608)),(2208,7062)))))),((((13534,(4169,7368)),(9425,14255)),(12016,14597)),(52,(3789,13332)))))),((14487,15411),((6215,7483),(6257,6938)))),(7121,(708,14498)))))))),(6706,13191))))))),(12607,14397)))));
((4691,(4274,11080)),(((((149,5877),(1356,6040)),((1704,((((15518,(((((11660,((2873,(2953,(8220,8228))),(2343,11920))),(3304,7076)),(14761,(11071,(4244,11291)))),((2515,14598),((4105,9004),(695,13273)))),((3756,(4245,9389)),(9761,(1404,((4055,(7266,(1386,9644))),(3300,(((5580,9367),(((8363,(10719,(965,11681))),((((203,5097),(8411,12578)),(6707,8108)),(((7137,14748),(4749,9382)),(5589,(6986,8470))))),(7889,13329))),((3913,15250),(12246,(6518,(3086,(3761,13166))))))))))))),((5059,11925),(9333,12604))),(1338,14179)),(6348,(12816,(2089,(3254,(2316,12038))))))),((11803,((4738,(8550,10522)),(13077,(1101,7610)))),(2663,(860,3601))))),((11364,(254,(5936,11287))),(11587,(10032,11075)))),(13327,((11771,15047),(4698,(7849,12193))))));
((2087,6752),(((11536,(2424,9684)),((882,8535),(3192,(1395,14275)))),((9896,(11278,13425)),(13894,(((9151,11369),(666,12760)),((4566,((3925,(7779,(1981,((5228,((12525,(((((((6072,(3738,4184)),(12238,(7987,9515))),(7198,(2979,(2528,12721)))),((4636,11435),(13869,(4257,14280)))),(2936,14127)),(((((2681,13796),((3315,(14929,(7616,((6568,11042),(6727,7147))))),(4572,7426))),(7465,((7329,8766),((11797,14267),(4564,7202))))),((((5161,(5682,(5757,11393))),(3619,12959)),(10651,13032)),((8113,12532),(2810,12186)))),(6673,(6578,(8845,(1416,15667)))))),(12287,(7999,(3653,10415))))),(5773,((1915,(2584,(7190,(897,(2297,10896))))),(4151,((1119,8727),(2775,2816))))))),(9889,11729))))),(7255,(12195,(1334,6434))))),(13184,(8118,8623))))))));
(((((5258,11264),(7663,12064)),((11634,(12230,(((9913,((3982,((15423,((((3888,14142),((647,5729),(5966,11893))),(((((10546,12972),(3132,3321)),(12748,(347,10741))),((3003,13969),(6469,(276,4316)))),(798,6279))),((2656,(8647,(14900,(12387,((1238,2203),(3453,(4891,11661))))))),((7555,10077),(((8092,(4641,(1414,(4337,(6588,(128,5639)))))),(4857,(8130,(11055,(2475,9979))))),(10198,(15045,(9991,11719)))))))),((1251,12000),(6437,13865)))),(12651,13405))),(9299,11531)),(((6220,(6141,(((1580,14703),((3056,14440),(4883,7123))),(2457,(1610,(11516,(6436,15646))))))),((12505,12989),(669,10572))),(1236,(576,((10120,((7063,8012),(2933,4203))),(2063,((9161,9748),(5959,9528)))))))))),(5314,(15239,(1064,1256))))),(2016,13125)),(2574,3361));
(12314,(((5847,((3230,13430),(5273,((14938,((5803,(12088,13100)),(7022,(1644,14724)))),(((7585,(9567,(7439,9774))),((209,((((((((14147,(3107,(11811,12685))),(4535,(3041,9758))),(12326,14439)),((((1949,(1005,12807)),((5124,12507),((8152,9760),(10443,10872)))),(((9371,13668),(2993,(4439,6541))),(8914,(2734,5072)))),(10563,(3420,(947,(14678,(2505,9602))))))),(4721,13117)),(3328,(10502,12347))),(12388,(2962,11833))),(2879,((12997,(12031,(13847,14876))),(5447,12610))))),(6599,11983))),(((6372,12350),((12626,(6754,13358)),(((((10163,11625),(12796,(5081,7769))),(10100,(8892,(11869,12745)))),(((3690,13758),(548,3172)),(2204,5111))),(14217,(6315,6798))))),(4129,5193))))))),(6537,(12026,(11931,14271)))),(8783,(6738,(11050,(15092,(9036,9186)))))));
(((6786,(15109,(8046,11174))),(((3143,(((7204,9751),(3264,((4701,(6833,(3121,4088))),((3936,((11877,(5153,5608)),(((7151,(162,6466)),(15015,(170,2397))),(14385,((8135,(((2685,12825),(13402,13545)),((80,15539),(8391,9268)))),((10745,(1085,((2113,12747),(12531,14024)))),(2253,5483))))))),(((12471,(1717,12436)),(3084,15351)),((11341,(2366,3633)),(3359,3827))))))),(3732,(1683,((((5794,(3284,4221)),(442,(8523,(9065,(910,14308))))),((10151,(9390,(10595,12434))),(3025,11028))),(1468,11148)))))),(((((14918,(509,629)),(((932,11236),((551,3376),(4433,15264))),((4456,9485),(8786,(6254,(6181,14570)))))),(4795,(13818,14546))),(13434,(10824,12431))),(5271,5626))),(6017,7608))),((((1684,2147),(1733,10955)),(2443,6061)),(6546,9174)));
((1134,2320),((((((236,7617),((15,642),((((6065,10636),(6331,((7444,(4610,(1888,2234))),((4016,14470),(3127,8582))))),((3742,((((12036,(7687,(((((3638,(10552,12640)),(11592,((14247,(((785,1518),((12880,13938),(11496,(9697,(3177,14160))))),(7295,11442))),(5297,10795)))),(4558,(1089,3171))),(13107,15125)),((1106,6637),(11005,14351))))),(7791,(8495,(10302,10303)))),(15008,((14249,(3200,((5438,9746),(2463,(9376,(538,(5180,(1144,(5887,8372))))))))),(10328,13805)))),(533,7146))),(((((3354,8165),((1829,4112),(5693,(8498,(4134,(9883,13182)))))),((3699,4495),((2024,5703),(4375,12992)))),(3294,(3777,9210))),(1351,7713)))),(1768,(3753,10632))))),((6471,12257),((6597,12983),(1220,9988)))),(8465,11678)),(6134,7996)),(14688,15506)));
((1559,11989),((15132,(9691,14619)),((1461,9810),(((10139,(2200,3120)),((14889,((6759,(13137,(15013,(12003,(((13009,(3661,(7099,(2013,6791)))),(2318,6269)),(1793,((6451,(3770,7602)),((((((5990,(8353,10798)),(989,(8497,9043))),(7440,(12594,(754,13680)))),(((12489,(3407,(124,2558))),((5970,(12705,14233)),((((844,2824),(5933,(2158,11219))),(13281,(8364,9141))),(13065,(5946,14922))))),(2364,(6421,((13449,(6193,(9259,12753))),(((6418,10640),(5439,15224)),(1432,4604))))))),(2143,(4671,5872))),((5617,(2145,6817)),(3642,(4349,15267))))))))))),(5,10152))),((13812,14460),((3931,8053),((((1481,9830),(9191,11374)),(4676,((13734,((8291,(3617,(2709,13565))),(5848,13214))),(5955,13751)))),(5023,(1274,(10319,10968)))))))),(6188,8594)))));
(8179,((14852,(5075,(4659,5974))),((2269,((7597,12520),((6085,((((449,(6852,(12411,(512,11976)))),(13239,((766,6681),(2388,(4576,14686))))),((14884,((10279,11204),((10915,(14577,(12019,(90,2729)))),(((3109,(10116,(830,10894))),(3365,(12410,(1180,1835)))),(7162,14682))))),(11424,(7122,12138)))),((3573,((9844,10793),((((12780,(1350,14421)),(10174,12639)),(((13606,(3166,10796)),(3591,4447)),(3559,15586))),((((((3402,5444),(2927,(13870,(5553,8303)))),(2946,(11996,(8373,9534)))),(3585,(1639,12448))),(5275,13554)),(15106,(5928,(2732,9270))))))),(4092,13019)))),(((5320,(14170,(940,3768))),(4101,4585)),(((2772,((6486,(1138,(1445,13120))),(1540,(2045,14516)))),(1260,5550)),(6864,(4847,(5047,6729)))))))),((3667,9931),(8043,12585)))));
(3383,(14392,((10851,(5182,(6206,15651))),(301,((604,11706),(((2974,9396),(869,13656)),(3209,((673,9360),(((7667,13914),((9206,((13687,(6696,(1333,1987))),((7058,8029),(1842,(14709,(2675,14905)))))),(7091,((2929,15609),(120,(11612,14021)))))),((15124,(10609,(((7844,14361),(((8273,12808),(5712,((5027,((6575,(2281,8815)),(4654,12224))),((7665,(8270,(686,4741))),(((8602,(5013,7278)),(10509,((3203,4868),(10557,13093)))),((7605,(2744,((4499,7615),(15243,(962,7402))))),(7515,(((((13307,14477),(7066,(4260,(65,14979)))),(9416,11631)),((5110,9281),(8455,(5528,10357)))),(14674,(13368,14523)))))))))),((5530,(4458,9759)),((6091,(11227,13593)),((10033,(5026,13674)),(7677,14376)))))),(7096,(2638,13929))))),(3211,(2588,12041))))))))))));
(156,((11896,(5287,(4266,4754))),((12907,((3044,((12367,(2308,15656)),(2504,6579))),((4950,(3725,7877)),(13711,(((((9809,12438),((13918,((5452,12426),(12306,13834))),((6428,13293),(6871,(499,9029))))),(3928,(467,15392))),(((3136,(2165,(8529,9408))),(4877,(5548,13193))),((11852,(7974,14791)),(15588,((951,3771),(1649,(230,7908))))))),((1296,14144),(5485,((2322,5720),((2252,(8784,10455)),((5595,14368),((3392,3726),((((10852,10891),(10171,14858)),((2827,(631,(11233,(1529,5807)))),((8591,(13404,14212)),(5104,(3637,6595))))),(7659,((3778,(12875,(3051,12866))),(((11653,((5165,9285),(1320,11881))),((8298,10158),(3562,10503))),(9543,(3297,12022))))))))))))))))),((9012,(1947,2229)),(((8429,9545),(5421,7019)),(13819,(4363,6830)))))));
(11517,((5363,(4565,10243)),((4661,(3302,3993)),((((15422,(((4085,5748),(((7134,((5006,6056),(3828,(6209,8659)))),(1240,4668)),((6726,12554),(7065,(8969,12076))))),(11894,((3014,(5386,11318)),((11539,(3939,11431)),(364,3248)))))),(12401,15377)),(2877,(7578,((2674,3170),((1117,((5667,((13248,(9430,10380)),(15628,(4249,5547)))),(13617,(13775,(((12203,((15566,(6150,8225)),(5311,5603))),(((6715,(4467,(3267,8745))),(5470,(12830,(5806,(5187,(3185,15001)))))),(7978,8202))),(3344,(((((1166,4482),(1288,12341)),(((7740,(4037,14899)),(5487,(5331,13608))),(5575,(6564,(7092,(9255,15401)))))),(12522,(1544,4957))),(371,((15215,(6496,7299)),((2606,6825),(4137,(7765,12572)))))))))))),(4223,(2700,(2157,7468)))))))),(6097,(172,6639))))));
(8168,((((11725,((10354,(4307,7693)),(5836,(8817,(5650,11966))))),((2370,((215,7732),(10946,11584))),((3306,(((3115,(6722,((7913,9301),((((10417,(((6861,(12798,15449)),(321,4541)),((((5263,(12208,(2958,9987))),((10496,10998),(8516,(3442,13820)))),(((5865,(3452,(4723,6301))),((9025,(13544,(5489,8181))),((13795,15596),(9125,(9114,(2429,3049)))))),(7093,(5718,(5077,7575))))),((15082,(((2447,(5206,(7374,13910))),(257,10668)),(968,(689,4612)))),(13806,(4370,14771)))))),(5225,6472)),(7016,((10378,13630),((10530,(1853,5417)),(11812,(2049,(6802,12073))))))),(2706,2817))))),(7724,9947)),((12524,(680,7242)),(6630,(4256,14912))))),(5531,15653)))),(4305,((5939,6195),((10418,12636),(12178,(10624,15068)))))),(8617,(2644,(2054,11927)))));
(2358,(13150,((7775,12717),(13611,(1890,((13362,((((7262,9884),(5561,7989)),(1556,15466)),((3031,3290),(8245,((13247,(10853,(3947,((((12226,15310),(10675,(1570,7044))),((((3395,(10537,13278)),((((6625,(797,(11917,11935))),(8847,(9815,(4869,7042)))),((9247,10259),(14711,15362))),(5334,(10193,13756)))),(278,(13695,(6532,12521)))),((9861,((11350,(4900,5763)),(11984,(1553,6995)))),(12402,((7965,10480),(5699,(2990,9581))))))),(1483,(6052,((11964,(14435,(6342,(224,5032)))),(10002,10301)))))))),(9009,(83,(8297,12079)))))))),(8058,((((((12321,14026),((5076,9364),(8164,15513))),(10108,13873)),((238,(4759,(9820,12137))),(660,5185))),(((1132,9423),(1718,5995)),(9535,14949))),((11383,14041),(4506,(6772,(11070,(11948,(1534,3488))))))))))))));
((11153,((374,4608),((4251,8191),(((8254,(8654,((((12642,15436),(9190,9847)),(6147,15192)),((9519,14263),((8968,14180),(7301,(((((3070,((6569,6926),(6176,14685))),((2433,6623),(1449,2587))),(1393,(1616,12269))),((3672,5192),((12317,(9706,11951)),(4176,(7730,15113))))),(4863,(904,3340))))))))),(((11244,13809),((2096,((((3930,((5300,15133),(3338,12179))),(7810,14391)),(3703,(11149,(4410,6514)))),((11255,(4823,(13530,(3797,9578)))),((9168,13363),(14582,(12433,12678)))))),(5746,12082))),((9592,((2765,(3036,6779)),(9622,(10870,13861)))),(15433,(7327,(10975,(2970,10047))))))),(3357,(((1181,(7298,12803)),(6271,((4969,11528),((3396,7552),((9557,(8638,(4962,9086))),((5351,14825),(2044,(5049,14008)))))))),(6530,10884))))))),(3831,9205));
((((10531,((10736,10864),(2361,2806))),((((455,(3429,(9176,(13512,13532)))),(1598,(6720,8048))),((10206,13932),(6671,8662))),(11936,((((5154,(907,2014)),(10190,(7363,13979))),(480,925)),(11618,15428))))),((7982,9793),((3393,(11749,13613)),((11980,((2284,11258),(3067,(1625,((4746,(7451,(7550,(1388,(5279,(1675,11974)))))),(12055,(12504,(12543,(7863,15352))))))))),((745,15302),(((((8719,9167),(10419,(3785,8365))),(((1620,((10580,12060),(5428,14985))),(((2188,15290),(1692,(1102,(13258,(11089,15158))))),(1336,13541))),((4386,11261),(4173,(11347,11895))))),((((7256,14455),(9687,(14998,(1091,11266)))),(4084,(9858,(561,5020)))),(3175,((4606,(112,12368)),(8507,10758))))),((11344,(6856,14043)),(7246,7563)))))))),((1893,13817),(13735,14269)));
(7035,((((4491,11354),((9696,10678),(((((1785,(8978,12445)),(1448,5129)),((1627,10958),(3883,5053))),((15074,((((6420,(14450,(8961,11864))),(11571,((((8563,(9240,(15686,(1422,10631)))),(4492,14831)),(10652,(11901,(((5786,9629),(2193,(((6821,7834),((7744,(3462,10686)),((7336,(5539,7824)),(13513,((1697,11705),(6783,(2965,(15295,((14011,(2766,13177)),(6865,8374)))))))))),(((8748,12265),(10930,(649,6121))),(4121,(1578,13793)))))),(12876,(816,8721)))))),(4672,12283)))),(3408,14600)),((13542,(5448,12337)),(8608,(12790,(5093,(2887,12645))))))),(1124,4243))),((210,(4556,6994)),((3681,4427),(8733,(2746,14259))))))),(7399,7644)),((14566,((2067,5989),(5779,6207))),((((3020,(610,10786)),(2467,(12729,14411))),(392,6924)),(4904,12096)))));
(10375,(((13460,(4164,10041)),(2717,((9385,(13037,(3593,9307))),(((9954,15285),(14309,15178)),((10467,(((4402,((3342,3366),(485,13300))),(2455,(1290,((24,(2428,(8884,12267))),(((6100,13839),(8696,(9323,12268))),((7647,7876),((((((6544,13693),(6846,14458)),(6155,10742)),(4704,11388)),(12811,14640)),((((608,9791),((5584,14760),(4717,(1775,9250)))),(9232,(12399,14810))),((3000,5219),(4464,6647)))))))))),(14935,(11954,((14968,((((13181,(3013,12495)),(5999,6614)),(10256,(1774,5761))),(9215,((4722,6868),(1940,(2491,4367)))))),(4580,(1235,(2937,4065)))))))),((4942,(10488,(3438,5061))),(2032,(10285,(189,13282))))))))),((8872,(1885,((1129,8057),(547,1384)))),((((3885,13054),(8269,14652)),(3464,(13692,14185))),(10876,(2210,8250))))));
((3057,14316),((6500,(13124,(432,5388))),((264,(4161,(12444,13275))),(9189,((11703,(7763,(((1821,15563),((((6291,(4361,14252)),(11199,13408)),(6191,12926)),(1487,(1637,11486)))),(14801,(8172,(11206,(1304,7239))))))),(((((8090,(5330,6684)),(((13986,(4493,5473)),((12641,(4465,8851)),(13372,(30,11860)))),((4135,11477),(5582,(4078,5787))))),(304,(97,13478))),(((5973,((10760,(4476,6274)),(475,13113))),((5004,14677),(15344,(6746,(7315,10264))))),(242,((11761,15357),((1203,(12951,14818)),(6388,6551)))))),(7696,((360,13440),(1042,(9421,(166,((((2383,12976),((1268,11276),((4061,14635),(4115,8883)))),((5355,(14845,(5658,(10726,(541,(14892,(1316,12120))))))),(4879,(5143,12533)))),(10997,(10813,(327,(10011,(5392,5857)))))))))))))))));
(((2413,4682),(8237,((((7004,14684),((2657,(3659,5838)),(((696,5501),(14932,((5044,(15583,(1727,4864))),(1417,10089)))),(15626,(1988,((1574,(7055,9892)),((852,9314),(4175,(68,6009))))))))),(14485,15660)),(3352,((((1359,(((10838,(5812,12942)),((3511,10921),(1043,(5491,14521)))),(5711,11903))),(3519,(1060,1986))),((7903,((8277,13146),(9877,(1255,(14564,(4761,(4814,5944))))))),((8102,(1056,2298)),((12146,(5475,15141)),(396,((2662,5235),(1996,11728))))))),(3914,(7155,((6241,(11062,((1269,(3198,7153)),(7375,(6811,6974))))),(15382,(((11340,(13995,(5965,(8792,((7220,(4945,11704)),(827,(3486,12739))))))),(4844,14500)),(4700,13447))))))))))),((1017,(14099,(1827,5834))),((6540,12564),(15648,(2508,((290,6820),(4819,7998)))))));
(2419,((((((5992,7924),(((2714,7614),(2872,(970,(15578,(15670,(((738,7682),(6692,(13915,((4180,7236),(((2951,12039),(1072,8947)),((((8746,14518),(590,6335)),((3252,4720),((3737,(3892,10310)),((((9369,12666),(14885,(916,10833))),(6216,((4171,6796),(1003,14914)))),((3224,12627),(((7499,14514),(12797,(7672,11805))),((4258,8943),(4533,(7827,11140))))))))),(15075,(((9502,((6200,6270),(1261,9739))),((13525,(4198,14776)),(13863,(4449,(9095,(14298,(2983,9162))))))),(((2715,(4926,(9325,(790,1909)))),(9486,(3379,9209))),(14088,(693,((3821,7318),(3016,13263))))))))))))),(9275,11098))))))),(6538,(13930,(9163,14344))))),(292,15468)),(13814,(2391,(4540,4920)))),((1703,10208),(1906,8826))),((9467,(971,(4414,6966))),(3480,12249))));
(((((4336,6414),(7902,13824)),(437,8828)),(8547,(9745,12212))),(((3151,9475),(((2177,12855),(((2127,(12916,(8650,((8037,(10904,(2137,7961))),((6405,10549),(13355,(5879,15084))))))),(6367,9794)),((13367,13604),(12534,(6935,13160))))),((1032,(6534,(635,13310))),(15584,(526,(((2221,7275),(10992,(14184,(4928,(15498,(2935,11799)))))),((15171,(15280,(11769,(6660,(4578,(6976,10105)))))),((12815,(4369,((3832,12363),(1396,11215)))),(((410,5340),(((((7490,(412,5893)),(8720,(4181,(12497,14924)))),(8692,12724)),((11367,(7559,13453)),((((4413,(3741,10596)),(13468,(9450,14627))),(3457,(111,2841))),((9565,13690),(10645,13893))))),(3319,((8123,(9455,(5137,(3546,8899)))),(14846,15327))))),(10457,(3045,(15306,(1486,6378))))))))))))),(2950,11315)));
((5592,12322),(9675,(7690,(12487,((8710,((((((564,1711),(7103,(3360,13816))),((1942,14755),(8619,((((152,12684),((3540,9460),(4353,12278))),((12936,(6264,(201,308))),(13022,13911))),(2538,(1898,((3842,13030),((9361,13778),(2579,10735))))))))),((11624,((9829,13683),(13144,(1788,2876)))),(1889,7310))),(2978,(14625,((((2354,9647),(13086,(1405,(2770,3009)))),(4268,(13304,14237))),(7015,(((((1964,(((11404,13722),(3043,6128)),(1147,(11934,(7086,10954))))),(11460,15296)),((14096,(5945,8352)),(((977,8715),(1514,6201)),(3391,15622)))),(692,((12571,(1305,6392)),(13059,14433)))),(147,13959))))))),((2427,(8913,9154)),(14339,(((1772,8970),(13195,(6962,(11113,((9959,(5172,10410)),(10275,(7634,12588))))))),(11540,12891)))))),(7668,13380))))));
(((8999,14405),(473,(14591,(5010,12135)))),((5596,(2280,10805)),(6941,((13344,(178,9097)),((8293,14311),(((1613,5741),(4343,(5841,10297))),(((((3282,(325,((3671,(11320,(137,1093))),(((13887,((5662,13416),((4571,((119,549),(5054,7270))),(7846,11376)))),(6831,((9642,13624),((9116,(252,(15551,(1654,(3506,(1576,13370)))))),(4807,(10697,((7723,((13980,(((1157,6780),(3024,15143)),(((3698,(7240,((11034,(13455,(4813,5031))),(9305,(1577,5105))))),(12359,15138)),((2311,10374),(5381,8404))))),(((134,356),(11555,14169)),(10414,(1933,14613))))),(2546,6665)))))))),((1337,9702),(8166,(13026,13238))))))),(614,10347)),(3504,7070)),((1033,(5433,(7909,(13968,(3116,3859))))),(1397,(2389,(3613,4346))))),(14415,(5358,(1736,9775))))))))));
(7388,(((259,((1934,12213),((11700,((5853,10974),(15472,((((11848,(5976,(944,10628))),((13568,(8488,12725)),(7814,(4405,9802)))),((6368,((7841,10024),(12107,14412))),((333,(1581,3223)),(4523,11813)))),((3992,4304),(8998,12602)))))),(10196,(((8736,(2572,9060)),(179,15071)),(9027,(10369,(8656,(15373,(9021,(((((11488,(2329,5070)),(2132,8323)),(14208,(10391,14576))),((12560,(9403,9409)),(((2609,12345),(14535,(8131,12266))),(15006,(7854,11432))))),((((13550,(2902,(7293,12156))),(5534,11372)),(3320,9900)),((1743,(13301,(4747,14328))),(((9419,(4011,(11664,12804))),(15405,(78,12844))),(13407,((8812,9942),(8607,9946))))))))))))))))),((10201,10300),(1327,12736))),(((5167,12923),(7478,(12517,(7027,9551)))),(12243,(5568,(13253,(4662,10721)))))));
((510,5817),(((((516,14996),((365,12603),(1614,(((9229,(8675,(9655,11033))),(2069,7941)),(2802,(((((8200,13524),(6281,(1122,14419))),(2278,(((14644,(10874,(6827,(8579,15387)))),(5918,8534)),(2676,(227,9983))))),((8072,(890,10751)),(((14557,(6336,9728)),(((8641,(93,1641)),(10882,((4626,12530),(6971,10981)))),(7163,(1946,7609)))),(6371,(7353,8184))))),(9623,(6556,((3289,5663),((3076,14774),(468,1279))))))))))),(8778,((6949,7921),(5488,((((12229,(802,(5377,6080))),(1919,(1741,((11831,(8907,15186)),(489,676))))),((3775,(3364,11387)),(8242,((9825,(9912,(2264,12656))),(4391,((6344,(934,8574)),(14633,(3286,8007)))))))),(10614,((406,14461),(11900,(8045,13845))))))))),((441,10834),(9075,13622))),(9359,(3156,15297))));
((86,(5805,(9006,((4815,((3180,9840),(12539,(5557,(((8816,9472),(7392,((4089,(8282,((10972,15061),(2839,(14957,(8871,(7719,(5967,(11617,(7503,9434)))))))))),((((3798,(12812,15233)),(7492,14350)),((((3580,9263),(((12114,((13960,(7556,9113)),(12864,(14078,(945,10068))))),((12676,13996),(13270,(10929,(3614,5916))))),(12002,13804))),(7737,(11351,((3694,(6757,11378)),(6127,10814))))),((824,985),(((5190,7189),(13658,(4724,15532))),((5653,14917),(1190,8054)))))),(1237,(((7221,(4821,(10763,(6748,(3516,(5615,15236)))))),(5616,13640)),(5642,(9530,12414)))))))),(2745,14090)))))),((12115,(4178,11452)),(((7504,(10939,12892)),(385,(13493,14457))),(11428,(7118,13476)))))))),((14168,(6565,8584)),(10157,(13638,(6356,(14301,(13755,(1971,15524))))))));
((8397,(5210,7990)),(((1371,14868),(((((5814,(((1126,5685),((885,13807),(6686,((7789,13025),(12861,(1453,11733)))))),(8836,(879,4443)))),(7218,(7325,10590))),((((6203,8660),(8605,(6211,13034))),((1560,10096),(11422,(4338,6212)))),((3740,(488,13771)),(4559,7640)))),(12856,((1348,13946),((1492,((14547,(1528,6156)),(3836,4017))),(3144,(13620,(8667,((((6992,12990),(((2868,5322),(3501,(3656,(15228,(225,591))))),(6781,6841))),(((15198,(10991,11586)),(2031,14459)),((6939,10230),(5931,9412)))),(822,(7472,(3766,13023))))))))))),(14032,((10396,14753),(((4984,(5062,14230)),(((13507,14369),(1398,14330)),(4947,6844))),((((4023,14270),(2613,15550)),((10984,(3288,4287)),(11091,14035))),(9886,(8317,(1455,(7625,14606)))))))))),(4981,7786)));
(4020,(14133,((2079,(((9873,(7420,(5128,13323))),((((((11963,(1814,(626,(5624,12826)))),((7869,((2227,(14399,((14808,(8019,(2104,15432))),(804,2292)))),(10179,11940))),(762,(13602,(((6095,((679,15321),(12196,(4878,(((13458,(4416,9026)),(13169,(5308,15140))),(((7653,(906,1059)),(13850,((8769,9080),(10667,((12728,(7527,((12590,(3733,14893)),(15089,15154)))),(9950,(3356,13659))))))),(10320,10413))))))),(129,(1249,7795))),((671,7977),(14111,(11010,(5391,(11300,(13647,(2438,5844)))))))))))),(4886,(7518,(8018,(10512,10877))))),(546,8793)),((7188,(9227,13682)),(217,15308))),(6253,((11786,12234),(14670,(((5577,11217),((1494,3946),(8141,14314))),((5771,7211),(14716,(1586,7845))))))))),(2521,14780))),(2418,(13187,(1621,(1599,13616)))))));
(((((4009,(4971,12998)),((3162,((((5809,(4614,11008)),((5860,(11928,(7536,15151))),((11800,14723),(15179,(9349,10688))))),((((2110,2894),(4271,14886)),(13354,(8173,11978))),(1957,((2295,(10081,(13012,13994))),((((10189,11281),(114,(2352,4995))),(((7233,(14898,(6944,(9050,14360)))),(1385,8709)),(7253,13432))),((1660,(10831,(6317,9604))),((3744,6816),(8107,(1104,5324))))))))),(969,(10270,(11312,((1321,((12665,((14817,(1837,11924)),(7117,(9452,(14649,(4040,(7547,(1376,11231)))))))),((8132,((643,(13228,(1143,13642))),(11792,((14325,(5411,14782)),((15507,(13769,(8501,15318))),(3384,(7154,12450))))))),(4359,12140)))),((10715,12214),(1095,14013)))))))),(12233,14913))),((2479,3658),(3889,13485))),(3714,(15118,(7387,(3469,10627))))),(6011,13632));
(3791,((11810,(((1125,(1062,(2710,(7533,(8279,9965))))),(((((4709,(639,(5088,6294))),(2562,13783)),(15048,(3377,(1193,10653)))),(((4980,5423),(6099,15678)),(4918,15227))),((481,14758),(((519,(3475,((3772,4776),(6321,8707)))),(((7652,14466),(10510,(6610,(4779,14563)))),(((14402,(11265,(1811,11334))),(3318,7484)),((8396,(6465,13978)),((2093,2597),(9943,12837)))))),((10315,((5108,(7064,15230)),(9296,(4845,(12174,15298))))),(((14432,(8724,(11992,(6182,7618)))),(10137,12995)),(7297,(3794,(9859,14213))))))))),((6677,9747),(4620,(770,11727))))),((((2701,(((424,9226),(8169,9196)),(9516,(625,6742)))),(((5166,12005),(12211,(436,10788))),(10449,(792,(7694,10015))))),(6069,(13361,(5744,((3235,15275),(1103,7053)))))),(13580,14437))));
(((3017,13085),(13326,(4001,13878))),((((3387,(((7949,(9874,(((1489,10131),(11330,15098)),(9711,(3620,(7983,12318)))))),((3874,(((9928,(9583,(3989,8633))),(((13661,15354),(7629,(7496,10020))),(10147,13174))),((4772,11491),(11246,(6074,11745))))),((11593,(15562,(7967,11543))),(13741,13808)))),(12025,(((((7138,(1098,(2173,8434))),(286,4213)),(((60,13867),(13790,(12215,12628))),(10524,12308))),((10268,((687,(7843,(7450,(8156,(1330,(4241,6878)))))),((14958,(14288,(8004,10825))),((431,(10554,(11021,(409,3980)))),(3454,9103))))),((((10464,(5873,12889)),(3870,(4130,(469,(7952,13079))))),(3083,13069)),(((3630,14940),(12719,(10134,11669))),(3081,(2870,(1799,5622))))))),(4591,8682))))),(5821,(1737,8288))),(12063,13601)),(1864,(11183,13792))));
(13872,(((11532,((7517,13443),((1315,13669),(6698,8590)))),((12841,(14098,14895)),(((3163,8393),((4012,((7768,13797),(13268,(8566,12202)))),((15526,(4516,(1262,11191))),(3871,12679)))),(((5063,8751),(9461,(6973,13514))),(8426,(6034,(9471,(3586,(14243,((429,((15330,(11214,((5406,5881),(3184,5217)))),((((7456,(4859,13879)),(((((1801,10114),(14214,(10432,(2472,8433)))),((3985,(5770,7901)),(13471,(13928,15494)))),(((4461,11861),((6001,14583),(2052,(5549,5902)))),((4319,12899),(12956,(11221,13101))))),(13626,(724,7984)))),(14937,((3933,(893,3570)),((11578,(2219,7432)),(2615,(5588,(5876,12171))))))),(2076,(7105,(6060,(8013,10448))))))),(((4309,(7228,10722)),(1913,(4575,5019))),(9997,(8604,13096))))))))))))),(15369,(1845,(8432,11772)))));
(8755,((6101,(633,9689)),(9868,((3351,12653),(((13233,(13133,(9414,((13219,(9153,(8333,(10098,15073)))),(3686,(((5009,7818),((6470,13913),(((2908,(12163,(3091,14798))),((1257,(12418,15305)),(5885,11019))),(12247,((8810,(3103,12071)),(1541,4708)))))),(12690,((2690,4826),(6094,15542))))))))),(((253,(10922,((9980,(14867,(1266,7078))),(3624,9454)))),(13732,(((935,11841),(4762,(150,9681))),(2492,4360)))),((4935,(12872,(1440,5756))),(13802,((((14107,(11594,(14364,(8409,8747)))),((5226,(1410,(14915,15599))),(14486,(14292,15237)))),((1687,4679),((630,8194),(5899,(4732,4770))))),(10696,(12987,(3405,(12600,15376))))))))),(((258,10681),(12870,(9729,((3729,(7957,(5694,10767))),(11171,((5305,7225),(10009,(8239,15169)))))))),(4034,5521)))))));
(((1771,((10623,12840),((2686,(7428,13852)),((((4428,(2629,7258)),(2666,8341)),((3676,8366),((7322,10258),((2371,(7636,11945)),(4707,(9895,10323)))))),((3100,(4511,(((1462,(14245,15121)),(9872,15534)),(4961,((10978,(8258,15469)),(14509,((((12218,(8922,11779)),(12499,(1488,(941,(5647,(3543,(8175,(9293,(6570,(11684,13384)))))))))),((14982,(12835,(9443,9951))),(8900,(2630,(6246,(((1522,15170),(5618,((8002,(4333,15213)),(((((5038,9627),(10593,11767)),((11590,15229),(1504,1519))),(3028,(1602,3752))),(7943,(1752,15282)))))),(((2554,6243),(1495,13653)),((8911,(13183,(6661,13882))),(3524,5145))))))))),(2434,14112)))))))),(6543,(3795,(8858,(12730,13321))))))))),((2719,11285),((4219,9179),(1991,2557)))),((3668,7601),(430,(2943,8564))));
(((1955,5752),(616,1421)),((((((((7317,(1400,10909)),(15497,(8803,14833))),((8017,(3458,8272)),(8517,(15309,(10801,11795))))),((5015,(2852,5268)),(2741,13999))),(13691,((6197,(6328,((((2846,(12563,14038)),(13221,(4764,7447))),(((132,6805),(10292,(10353,(13876,14146)))),((1665,11682),(915,12703)))),(((((1218,6571),(3592,7436)),((15332,((9863,(12699,14793)),(6946,14690))),((1053,12868),(2559,5099)))),(13782,((6383,8919),(7598,(3711,15289))))),((4865,(9723,11272)),(6313,8020)))))),((((5183,10533),(3033,((4351,10290),(11908,(5454,(11163,12967)))))),(13276,(14163,(6490,(7294,12111))))),((1952,3212),(14947,((2026,(1667,7764)),((11956,(13740,(8767,(3349,9523)))),((4148,5326),(10385,11414)))))))))),(2616,7702)),(4919,7131)),(6872,13254)));
(11657,(((9835,15262),((9667,(6758,((((4325,15226),(1419,14235)),(9658,(9465,12486))),((((2001,(5267,7389)),(2698,(9199,11203))),(8371,(3612,7624))),(((11155,(14702,(4568,(11335,12460)))),(6059,(9018,10425))),(9812,(1137,3502))))))),(((683,(678,(758,3929))),((4487,10846),(8388,(1983,((3829,5736),(14394,((2547,(9035,(11986,(6955,11111)))),((14469,(((11375,13461),(14554,(2560,12904))),(((8216,(1252,(14130,14429))),(9999,(7171,11834))),(((5509,6467),(2496,((2392,(15598,15652)),(9248,((8538,(2266,(786,8382))),(788,14891)))))),(((59,(10299,12139)),(8775,(1928,14305))),((11871,(12391,(13250,(6132,6632)))),(761,9126))))))),((5666,(8986,12474)),(2620,13308)))))))))),(3217,(1313,(4731,8823)))))),(14611,((3447,14465),(4031,7735)))));
((11709,(1766,(4861,11734))),((15180,15581),((((((492,(1734,14389)),(((1699,10274),(3050,3238)),(5820,6778))),(1177,6259)),(850,7595)),((((1174,2881),(11311,((13345,15222),((((14005,(2274,(7261,(2541,8687)))),(1459,3498)),(12423,((10346,12851),(9599,13587)))),((398,3571),(6584,(2837,14223))))))),(((12466,(1311,1335)),((2635,8112),(3134,11702))),(15559,((12356,(1832,4793)),(5123,10049))))),(((2778,((((13435,(3717,(2332,2792))),((4186,(10910,(2149,9601))),((14423,14545),(2404,15536)))),((2034,(868,9970)),(13484,(10515,13521)))),(((((7839,10070),((315,(9262,14383)),(2550,3085))),(6663,(((10058,15307),(14277,14995)),(2614,15032)))),(1469,((3096,(3137,8056)),(10747,12177)))),(12158,14045)))),(121,2526)),(1926,6082)))),(8350,13168))));
(11756,(7365,((4444,(14990,(((110,(14462,(11273,((9785,(12074,(2636,2711))),(996,((7427,((10439,(3984,5700)),(8977,12173))),(8346,((((6771,10847),((5520,13639),(457,(1759,14862)))),(((((6255,8526),((13,5301),((14618,((5819,(10,2037)),(709,1216))),((2634,(1475,(6189,8214))),(4543,11921))))),((4069,(10150,(3868,(5443,6284)))),(12801,(11016,(7395,13036))))),(((7021,12304),(13579,(8909,11821))),(6982,(((2293,15463),((3994,(594,14166)),((3736,6916),(14057,(703,1456))))),(((2549,(5755,(2331,(11052,11993)))),(6376,10126)),((6129,(1547,9531)),(3373,9577))))))),((7207,11158),(1353,1870)))),(2859,(4768,14297)))))))))),(7056,(7749,(10063,(15573,(4289,14727)))))),(4205,(3820,10429))))),(1511,((14930,(2738,14658)),(1628,14578))))));
((3173,((2233,5397),(14202,15322))),((6997,(3815,14289)),(159,(((6675,(13905,14744)),(15397,(14126,15363))),(2684,(((6536,((10356,(9634,(395,6170))),(13129,(749,1812)))),((5504,((13963,15379),(3692,9339))),(10725,(((9626,(4039,12065)),(7770,8077)),(13081,(1051,12952)))))),(12775,(7433,((((13201,15353),(1221,(12408,(5486,8339)))),(4419,(453,6622))),(((4295,(4136,(4881,(5690,14188)))),((((((6894,(2271,2677)),((2539,6990),(11417,12673))),((7309,(11596,12650)),(6042,14484))),((1192,6115),(7502,((11707,(6598,9677)),((10637,(14345,(5532,5759))),(((4824,6819),(9011,15142)),(10125,(1824,10172)))))))),(13727,(1796,(8157,(7861,(9715,9906)))))),(7306,(5329,(10388,10411))))),((6145,7811),(5845,(3428,(10426,(14034,(8171,10164))))))))))))))));
((274,9591),(((8255,14719),((2235,(12593,((12630,(13970,(4954,7569))),(3975,(10404,13311))))),(14189,(((5280,5435),(4588,((4372,(((((9344,(7742,(219,12435))),(477,13106)),((7838,(324,6850)),(10363,(11750,(2581,3539))))),(8944,((12095,((1418,13188),(2914,12984))),(15187,(2267,(4167,7112)))))),(5394,(3119,((15220,(4392,((6910,15164),(5625,(4627,6987))))),(12960,(1482,(426,(84,7931))))))))),((12067,(6293,7729)),(((4686,(7206,(14787,(390,15555)))),(13991,((1000,6119),(15642,(2971,3757))))),(167,(598,(10603,(9329,(3435,8548)))))))))),((11995,(12919,(11382,(11866,(12834,12882))))),((((2956,(7013,11614)),(1590,6346)),((5607,(271,6672)),(8820,15431))),((4399,8038),(9401,((1877,(10309,15299)),(10341,11693)))))))))),(1939,8729)));
(10475,(14310,(4529,(((1606,9047),(4584,10337)),(((((7405,11492),(4756,11854)),(((14116,(11061,12793)),(3555,10477)),((2220,(369,5186)),(3068,8480)))),(((9767,((1608,(5253,5657)),(((13419,(10662,((8413,(10723,13833)),(88,(10900,(76,(5389,13666))))))),(8064,(3341,13760))),((2768,(9631,13535)),((1148,((7203,13574),(127,(14764,(5906,11009))))),((3381,(((4892,(13549,13753)),((8177,14820),(237,(14927,15000)))),(1248,(5321,(10368,14183))))),(14200,(6654,9384)))))))),(((2687,15244),((6626,13781),(6104,13871))),(13941,(10963,(14108,(7213,10973)))))),(1756,9327))),(6814,(((7194,12327),(531,12042)),(((12320,(((12017,(((5863,(10311,14778)),(12709,(9466,13001))),(14210,15673))),(13346,(11377,13726))),(3022,9413))),(483,12382)),(3532,8859)))))))));
(7054,(((4594,11360),(12,6081)),((7279,(13961,((((5610,9757),(1562,15107)),(2985,10752)),((9479,(4805,13334)),((136,(6282,14568)),((9555,(8126,15597)),(6305,(1092,((((6734,10886),(779,7085)),((5432,6205),(8463,9982))),((((5804,6723),((2604,(13126,(5369,(3053,(1061,(6693,11109)))))),(12920,(15099,(14483,((11348,(9001,12947)),((4597,5767),(3784,(12506,(((10663,((11453,(4408,7417)),(5692,9272))),((5080,(769,2107)),((1467,13556),(1816,12037)))),(((4278,(7400,15338)),(8586,(7780,10672))),((12526,(7187,10460)),(736,2474))))))))))))),((7940,(7048,14019)),((((10398,(5541,10304)),(10389,((3588,(5346,(3141,4172))),(14843,15070)))),(3521,13708)),(3419,8052)))),((6366,(13280,13603)),(2095,4930)))))))))))),(9517,(7422,(11883,14657))))));
((((15404,(5503,7362)),((5078,(740,(((14842,(15486,((6222,((1567,8083),((((11380,(1735,4733)),(7238,(486,9228))),(((9916,11416),(6196,12758)),(7272,9368))),(10392,(1618,4354))))),(13573,(((13446,(9598,(11676,13431))),((((9352,(202,838)),(1141,9288)),(11405,(9208,(8532,13226)))),(((14335,(((4269,(9319,11560)),(6093,9077)),(43,14853))),((7431,(4341,11663)),(13456,(10690,15393)))),(820,(13208,(4820,8299)))))),(6604,14265)))))),(1284,6520)),((15395,(2863,4187)),(10953,(4301,(3945,8628))))))),((3824,(14178,(5621,13028))),((13489,((3960,(3232,15508)),(15414,(8445,(1546,10673))))),((874,((834,(10143,10535)),((459,(139,11133)),(10703,11325)))),(9212,(7209,(7986,13265)))))))),(6169,(584,13115))),((11777,12136),(2294,(4032,5733))));
(4925,((12349,14948),(((4513,4637),(5952,15454)),(10491,(((8831,13896),(2500,((4168,13678),((12895,(15608,(1694,(((2565,(6168,8456)),(((1199,7778),((1975,10397),((6766,(2185,(9766,11198))),(((6761,6838),((583,((866,8637),(446,14234))),((1521,4197),(9147,(1406,12015))))),(1463,((8741,(8552,11468)),(672,3849))))))),(5146,(((4748,10924),((11054,13684),((4602,11361),(5707,10440)))),((((5630,7120),(4645,9690)),(1219,9792)),(6612,(13283,(7382,11588)))))))),(1161,(3194,5479)))))),(13761,(6210,12446)))))),(10168,(((7753,(10528,12559)),(9973,((9453,12592),((3926,5569),(993,7370))))),(3530,(8076,((7486,(9784,14253)),((15090,(5347,(11977,14548))),(5494,(728,(12512,((3781,(4358,(6108,7418))),(12220,(9243,(3202,14939))))))))))))))))));
(13528,((6784,((13607,((((368,5462),((245,(12955,14607)),(11096,12117))),(((11136,(8256,(2260,13508))),(((4510,12386),(13261,14511)),(8003,(3389,5772)))),(13441,(11876,(15687,(3631,8853)))))),((7473,(((5058,6714),(9511,(6426,6728))),(13868,((((((6015,(10615,11696)),((((3792,6701),(2514,5069)),(8178,15535)),(12818,14287))),(828,(2081,(1428,10903)))),(((6794,15057),(8005,14671)),((3466,(10361,(7037,11938))),(6109,12340)))),((15467,(2867,(8959,13844))),(((15372,15412),(9121,11888)),(((5646,(7232,(5677,(8378,(4953,10845))))),(4224,12261)),((4951,10545),(3158,10907)))))),(12528,(7081,(7025,11030))))))),(((3061,(9572,(12428,(3205,9605)))),(452,(2794,(13837,(7416,10750))))),(748,(7567,9768)))))),(2886,10497))),(3903,(6945,(7884,13467)))));
(7414,((1927,(2238,14069)),((4247,((((7409,(10514,((6146,14502),(3814,13045)))),((7419,(8524,13716)),(2897,10759))),(1291,2146)),(((5048,7820),(((10059,10839),(7788,13224)),((((((8486,(638,(7216,7885))),((539,2561),(3039,9595))),(((4745,12279),(14476,(262,5669))),(408,1918))),(15211,(4466,(3316,(10883,15268))))),(725,(2941,(4801,8798)))),((5290,5493),((((8377,13637),(3535,(7809,(2490,7698)))),(2760,15662)),(((5052,9197),(2254,(14875,(5827,14894)))),((1552,(10964,(8496,10775))),(5648,10187)))))))),(7709,(5869,(5854,(10200,(12020,(((13555,(9703,((3467,9458),(4552,6988)))),(11308,11478)),(2631,((3687,10942),(3724,11622)))))))))))),(((4432,15488),(13196,13393)),(4483,(5449,(((11006,11027),(2172,6377)),(14224,(7088,14061)))))))));
((2226,11448),(((9404,10740),(((1551,2693),((3964,(6062,((8543,11724),(10835,(((3790,((((5686,((9870,13916),((2795,5930),(((1325,15241),((11342,(568,9145)),(14161,14908))),(9283,((13459,13787),(5390,10191))))))),((13477,(36,(7566,8212))),((2197,7637),(((10743,(741,5533)),((9222,(1014,(7574,(4853,8326)))),(6450,7523))),(((372,5914),(3201,4841)),(((3104,(7424,9526)),(9532,13347)),(1701,8589))))))),(7282,(6739,14104))),(188,8814))),((9005,(4445,6964)),(1082,(809,13712)))),(13744,(14567,(13067,(14475,(11123,(8761,(634,3730)))))))))))),(1773,14371))),(11710,((10912,(8338,13840)),(((4481,5227),(5298,(7098,8753))),(7114,(10062,(3095,(13874,(((5437,(612,11508)),(11232,(3550,(7149,14946)))),(7359,15607))))))))))),(1979,2206)));
((2849,((14137,(756,(3244,13551))),(5245,6379))),((2543,10565),((((((4200,11796),(4435,14841)),((((2350,3864),(40,5095)),((((1568,3336),(((6238,12581),(8511,(4583,7592))),(3618,(4960,10452)))),(2213,(821,6240))),((8963,13271),(191,13895)))),(12498,(1077,(11423,11922))))),(5766,(9864,(5958,(4073,(1430,7394)))))),(7430,((((1480,12409),((10869,(8652,((3481,(8114,8163)),(9220,14055)))),(7102,((1345,(3346,4615)),(14070,(5708,7591)))))),(1538,3299)),((2211,((6120,(1794,(6022,13465))),((4042,4623),(1234,(2406,6473))))),(10568,(7314,7675)))))),((12141,((7159,(1007,9030)),(12075,(4067,(11758,12903))))),((351,12949),(9020,((4021,9426),((5412,(((7748,14449),(12583,(1645,4635))),(3273,(15620,(13080,14334))))),(1383,10076)))))))));
(12625,((247,(15110,(9370,10613))),((3537,(7657,12982)),((8693,10934),((12828,(535,((13950,(8898,((((6416,(5825,((4255,9542),(5430,6931)))),(((8351,9520),(931,14084)),(7970,13633))),(5064,(6515,13643))),(((2363,3911),(585,(11673,(1754,11679)))),(((3774,9736),(7511,14630)),(((2337,10733),(2205,14442)),((((218,1052),(((((5366,9544),(3034,12296)),(6164,6185)),(5361,11345)),((920,8912),(9960,(1016,8712))))),(2353,14193)),(((113,((601,12561),(8688,13097))),(8540,(3895,(85,3482)))),(12033,(4982,5148)))))))))),((((2138,14128),(2688,(1169,9817))),((((11512,15035),((4908,11736),(3353,4448))),(988,13428)),(1938,8764))),(((13546,(7333,12052)),(4967,11444)),((5599,(7529,(6883,12008))),(14637,(554,2249)))))))),(8676,10730))))));
((10806,12968),((7988,((11968,((((1978,(6669,(343,(6076,9308)))),((((15528,(1247,7600)),(2304,8796)),(8765,(1259,12829))),(4267,(8556,(867,6963))))),(((2025,13906),(1188,10456)),((5948,11243),(5611,6644)))),((8315,(5456,8513)),(4455,(2062,(3196,8785)))))),(((((5935,9638),((((15430,(2822,(9927,12731))),(8973,(5831,(14527,(4230,5364))))),((6528,11015),(8306,9857))),((5651,(15111,(5754,8788))),(1224,((7210,8625),(4605,4703)))))),(12874,((10399,(14346,(580,9331))),((5632,10770),(13475,(11466,11511)))))),(10698,14194)),((((3991,12030),(5585,(3600,12802))),(1809,(3323,10520))),((4963,((13937,(11391,14837)),(((5883,(13976,14436)),(7467,(3161,13694))),((1899,(9142,(3169,3760))),(10156,12759))))),(12750,(5938,11599))))))),(733,1844)));
((3568,(10506,(569,9669))),((123,((6114,(15023,15505)),((14679,((6310,(10386,12127)),(12605,(((((14159,((8869,((3410,9657),(12255,(2109,8856)))),((1857,(9417,(8636,10779))),((74,8512),(1664,(11552,14087)))))),((11355,(9664,(902,(9923,(4706,5463))))),((2051,14427),((12765,(((6452,7482),(10699,(3186,10313))),(10517,(10724,(4206,9239))))),(((1705,4611),((2784,4158),(15565,(782,2236)))),((5037,(2754,3310)),(2832,(7305,9017)))))))),(7031,(15381,(3664,11396)))),(((4946,6163),(13317,(13971,(4162,10559)))),(7991,(((9898,(8923,(6858,(4832,10940)))),(744,7915)),(6396,(8896,8926)))))),(14113,((1516,8215),(894,1496))))))),(11726,((((10729,(11819,15076)),(4417,10097)),(6488,(8408,(1332,13785)))),(5600,(5356,10550))))))),(3972,6318)));
(618,((2247,(5768,(((7494,(10889,12557)),((14571,(861,6122)),(6999,(3345,15520)))),(8223,(((3818,(14933,(((7596,11656),(11239,(6412,8006))),(11125,13083)))),((5798,((4145,((454,14082),(8066,8167))),(3283,5969))),(((5702,(7491,15538)),(9335,(557,9508))),((13645,(3806,(2502,8837))),((((5915,12944),(9524,14248)),(2627,(14156,(2223,15375)))),(4107,12921)))))),(9661,(((389,11349),((131,(((14407,(6347,(12500,(836,12472)))),(5572,7141)),(9358,(13118,(8296,10136))))),(((11806,(285,(3529,(7453,(141,(15039,(3839,(14931,(12662,(5943,13018)))))))))),((11126,((10014,(2781,15087)),(8127,10782))),(5697,((6363,6441),(5917,5923))))),(6391,11690)))),(10486,(13351,(1006,(2949,(12957,(10023,(15193,(4621,(1916,7588)))))))))))))))),(7959,11259)));
(13907,(9266,(9435,((10235,10402),((1834,(((14117,(((13325,15515),(9554,(5888,(11751,(7280,11461))))),(((10880,(5036,(615,4848))),(10004,10982)),(1548,9223)))),((((((((13502,(7128,15012)),(5002,6290)),(6648,10251)),(((8874,(1636,13811)),((2997,3512),(8446,(9787,15270)))),((((2800,10731),(10178,15477)),(14526,14934)),(2258,14092)))),((6096,(1609,1709)),(((7522,15234),(2114,3556)),(470,(9804,13027))))),((((6668,(1852,10102)),(2387,13350)),(1244,(2995,(8151,11746)))),((1013,4106),(5591,9193)))),(((((6589,15284),(1408,14110)),(11459,14240)),(12954,(3167,4383))),(12077,(5495,((3805,(11137,11687)),((939,8280),(2793,7376))))))),((6835,15448),(4537,15691)))),(4927,5981))),((14125,(6133,(5403,13149))),((8655,(5142,6144)),(8918,11965))))))));
(((15080,(1281,5949)),((13005,(8294,10714)),(((((415,771),(13719,((2668,(13988,14766)),(((5194,(1366,7805)),((101,((3513,13185),(3259,6408))),(3416,7800))),((82,5008),(8846,(10665,11898))))))),((8994,((10983,14366),(3927,6559))),((6224,(11057,14343)),(2763,(8583,(1205,4501)))))),(2341,((((8894,(10348,13589)),(1208,5535)),(9977,(6330,(15503,(((10761,(2451,(712,3234))),(15078,(8385,(3514,5434)))),(14162,(8073,(14258,(8916,(8489,12991)))))))))),(((3563,8452),(11889,(6173,15278))),(386,((609,(9648,(7265,9777))),(7254,(5112,8453)))))))),((13122,(((((268,11933),(6843,(10037,(3597,14482)))),((12329,(4298,15657)),(10101,11303))),(10926,(14734,15317))),(11916,(1510,3313)))),(10384,(4156,(4846,(1090,14741)))))))),(1145,(8124,9492)));
((((4983,11815),(3479,5461)),(6810,(3809,(3228,(2030,14479))))),(((11589,(2831,14634)),((((2315,((3765,8889),(4923,((5328,8878),(903,(2005,10471)))))),((11185,(7369,8570)),((4312,13581),((29,7892),(6148,11906))))),(4057,6493)),(5519,(((((7751,10006),(11353,12313)),(((7603,11099),(14030,(3243,15406))),((6033,(4736,8971)),(10184,(3609,14559))))),(4554,((13757,((2973,4629),(1391,8658))),(7544,(3005,9067))))),((5687,14961),((((7290,(7391,13923)),(2181,10307)),((((15688,(2506,13020)),(12618,(2643,5098))),((4313,9576),(2135,6070))),((4462,8722),((14830,((234,(543,15091)),(697,(4695,9580)))),(340,9214))))),((655,(3950,(5293,10739))),((7570,9822),(6666,12900))))))))),(((7384,15174),(1802,5929)),(10427,(10055,12788)))));
(1194,(2782,(((((3165,6874),(14197,14250)),(7413,((8698,(10945,(1139,7212))),((((3716,(3071,(819,5373))),(14696,(5018,7130))),(((1500,9646),(4147,13016)),(11565,(15451,(3455,5984))))),((2517,(3951,12794)),(11289,12040)))))),((((9939,((6897,(2791,(1790,5016))),(11447,(9807,12383)))),((((14786,(11,13360)),(2240,12175)),(8071,(4220,(3117,(5496,6071))))),(9579,(14338,(8941,((3629,5590),(3004,12638))))))),(7733,(5704,(9040,(10351,11197))))),(11339,((864,3594),((10252,(1803,12667)),(12339,((11088,13527),(4912,10239)))))))),((10532,((5783,(3215,9660)),(1045,((8188,12167),(9762,14154))))),((6036,7681),((((15096,(((684,8375),(6278,8759)),(7241,(5144,14569)))),(5956,(13220,(607,12773)))),(10124,(8773,15339))),(10753,(7321,9122))))))));
((12094,(4777,(7169,14281))),((12169,(((((765,7508),((2642,4159),((((6324,(5106,13198)),((10818,13279),(2129,((4126,7476),(13706,(4562,9716)))))),((2291,2380),(3755,6953))),((118,6649),(7034,14015))))),(9614,14492)),(((7832,11368),((2665,7201),(6889,(8209,13452)))),(2915,(249,9207)))),((4379,(13670,(13349,15031))),((10619,(2028,(((10441,12574),((2036,4810),(3988,8401))),((9827,(6683,7289)),(11721,(613,(9090,10996))))))),(8449,((1140,(((2567,(6480,7760)),(3938,(12806,14739))),((((3801,12660),((9986,13421),(8185,(10462,(5239,14203))))),(7243,7510)),(6567,(1833,((2830,13147),(11101,(814,9424)))))))),(11150,((14525,((8183,13232),(5441,5751))),(11090,(3048,((9841,(10177,13061)),(4146,11507)))))))))))),((4766,13921),(8356,14122))));
(((2527,(((((13203,(9330,14095)),((((180,4431),((1415,((2130,(9418,(2811,15022))),(2548,(7181,15283)))),(3509,(9447,14395)))),(((4050,8863),(3439,(2360,(10263,13269)))),(((7235,13066),(14186,(13936,(14105,15483)))),(5637,6245)))),(4630,(13299,(4959,15455))))),(6857,8467)),(4921,((((2326,((((6217,(335,9533)),(1594,(2785,(3078,(7177,(1306,7264)))))),(5051,(6297,(13374,(5861,10863))))),((4964,(4992,(10887,14590))),(6582,13523)))),(((((10597,11547),(7330,(2797,(8572,(7923,10701))))),((3706,9289),(582,11941))),((11495,((4809,(13469,14823)),(2882,6951))),(12701,14994))),(9338,(13202,(2862,14375))))),(2940,(2416,15201))),(7948,((12244,(6776,13654)),((5537,14910),(5173,8407))))))),(9282,11640))),((8989,11250),(3413,5636))),(5749,6998));
(((2987,7230),(11257,(((((((198,4775),(4330,15119)),(4380,13679)),(5538,8224)),(((((7607,((1293,2431),(11652,(5115,12862)))),(776,(11069,(4003,4329)))),(5455,((10571,(8864,14626)),((624,10117),(10935,11564))))),(1924,(3337,9607))),(10086,((12361,12544),(8014,(10405,12964)))))),(((9800,(12164,(((8551,(3415,8405)),(8147,(4160,(5236,(9446,11049))))),(4911,(13057,(3623,12147)))))),(5769,(4696,(3308,8510)))),((((9085,(1135,5022)),(4527,6676)),(11476,((1966,13448),(6021,(353,(9038,13491)))))),(2967,((2909,(8162,15093)),(7347,15238)))))),(12503,(((((10400,11152),(1381,5424)),((1843,7361),(2730,14352))),((2570,12200),((8381,(1076,5345)),((10858,(726,(7364,14124))),((1021,2312),(5312,6306)))))),(12282,(2932,13667))))))),(9964,11912));
((3146,(((((((13830,15540),(((7106,(3611,13728)),(1472,8768)),(2450,(3590,12535)))),((6158,13736),(5040,15274))),(12508,(135,1758))),(((12969,(14286,(3943,14434))),(3764,12941)),(8694,(6983,(4045,13585))))),(12001,14877)),((15083,((((((12442,(5409,7343)),(892,14574)),((((5310,15533),(15519,(7296,12591))),(2248,(438,14118))),((1258,7383),(1367,12681)))),(((2091,((6744,(2123,3965)),(14121,(3776,5446)))),((15041,(5724,(4382,(5445,14508)))),(13088,(4362,(9236,12188))))),(2090,(8618,(4956,(1554,1925)))))),((3595,4522),((2006,4424),(2799,14710)))),((6839,12152),(13142,((6836,(14864,(8993,10604))),(3427,10091)))))),(4059,(6286,12183))))),(9952,(6991,13835)));
(7534,(4798,((15464,(842,9183)),((((((4528,13294),(1911,15248)),(11778,(4531,13246))),((11165,(((4285,5947),((5775,15292),(1184,14420))),(10144,(7304,(10707,((5926,15079),(605,14781))))))),(5556,((((12184,(12927,(958,3948))),(6947,7736)),((15356,(8322,(2018,(11960,13974)))),((4874,((9869,(7026,(5674,(11697,14945)))),(8772,(4972,14978)))),((12965,(10969,(6959,10792))),((10965,12704),(9318,(1297,14622))))))),(((12637,(7960,12755)),((7793,(675,(3474,10395))),(10648,12190))),(13600,((4548,(7342,(3047,13641))),(14575,((2964,6634),(2460,15618)))))))))),(13119,(181,(((((2483,(11440,12452)),((9139,12420),(11544,12514))),((15378,(12795,(12204,12937))),(13765,(7646,8938)))),(11128,15214)),((2510,12779),(11642,(10654,(4035,14138)))))))),(4153,13439)))));
((9429,(10213,13560)),(10422,(((250,(2310,(1595,(552,7671)))),((10923,(10790,(6000,(7095,12611)))),(((4885,7774),((13992,(4440,9099)),(783,(((((9128,(9084,12066)),((9493,(11245,((4681,(1767,12439)),(9562,14047)))),((3916,11919),(4694,(14033,(14396,(7133,((6793,((1798,3110),((5517,(4475,(5709,14312))),(5671,(2094,((9481,(2826,15560)),(2441,(5103,(12589,(7817,(3876,13576))))))))))),(361,((2934,5188),(2141,12648))))))))))),(6280,((3542,13371),((13353,(((6664,8139),(6487,(5065,12142))),(1564,8319))),(3743,5407))))),(5645,((5606,12570),(4080,8906)))),((8890,(11853,(9639,13255))),(12122,(5560,12994))))))),(((((4079,9865),(126,6139)),(4234,14601)),(10489,11947)),((403,(2598,(3468,8355))),(10606,(7274,11211))))))),(1970,12441))));
