14684;
11437;
12118;
6593;
4775;
8239;
278;
4396;
574;
2059;
13331;
1008;
12345;
2609;
2434;
14731;
1939;
1332;
1909;
3916;
12990;
8023;
4413;
11708;
9269;
1493;
7570;
1556;
7302;
14779;
128;
11510;
10340;
8976;
1865;
8311;
14582;
12201;
4929;
7841;
12503;
8378;
7072;
14688;
15222;
3787;
14925;
1935;
14928;
14940;
12514;
3547;
9303;
14720;
7292;
7206;
10297;
11465;
2395;
9819;
2624;
14188;
4742;
565;
4164;
5380;
14292;
1365;
2616;
3341;
14817;
5132;
11308;
1241;
10896;
1483;
7859;
12923;
11632;
2231;
14503;
12189;
14982;
13398;
12088;
13175;
11670;
9142;
236;
8444;
11359;
8028;
10839;
11853;
632;
11321;
3131;
5762;
12422;
13063;
12557;
15667;
5264;
3416;
1151;
8177;
807;
13204;
5669;
9425;
6779;
12819;
7359;
13107;
9987;
12551;
7464;
7452;
9307;
11328;
9585;
14090;
3235;
13;
5806;
1392;
11782;
2625;
5090;
2083;
7414;
7162;
84;
12143;
15535;
13363;
1897;
8658;
8386;
3700;
12452;
3351;
13356;
3598;
11105;
13581;
11796;
2743;
13888;
5540;
7025;
8312;
1361;
6613;
14284;
1259;
7783;
7066;
10460;
5461;
14195;
4845;
13803;
15233;
3587;
1753;
11282;
13481;
11795;
11591;
5351;
138;
1338;
15363;
14124;
212;
4741;
4358;
11953;
9744;
8367;
10659;
6164;
4752;
10039;
8363;
14479;
15510;
8166;
7781;
9317;
14663;
12113;
3983;
8009;
6907;
6551;
10217;
14675;
6913;
8041;
2486;
2890;
15575;
14344;
8091;
4682;
5033;
3289;
12445;
10335;
6495;
12029;
6290;
13668;
75;
11896;
5576;
15400;
11855;
8868;
5200;
3861;
1127;
6470;
9233;
450;
14599;
5272;
307;
13643;
1110;
6191;
1553;
2236;
8630;
7673;
1395;
11532;
7755;
2366;
8736;
1529;
2905;
2031;
15078;
7617;
984;
7902;
9262;
4344;
12003;
1388;
12873;
13079;
7048;
5392;
5671;
7530;
6969;
14365;
13826;
6200;
64;
4494;
5300;
9571;
10338;
8697;
10936;
12314;
10972;
11097;
14768;
9813;
2843;
1830;
10822;
14031;
2547;
2402;
3512;
5048;
14656;
2598;
7029;
6253;
4331;
7482;
11563;
3822;
2986;
7434;
602;
15211;
5432;
12609;
9230;
4618;
4711;
7030;
8814;
1159;
8530;
9885;
1409;
14844;
11073;
1216;
10905;
3712;
1389;
15681;
13109;
3563;
11957;
416;
10563;
4308;
865;
3333;
8017;
3023;
4098;
10002;
1066;
12265;
15580;
9197;
11278;
13542;
1445;
12344;
5137;
10047;
8309;
9290;
9095;
4101;
12354;
13536;
8926;
4642;
10871;
8479;
2863;
2191;
12826;
5423;
8103;
11266;
5607;
12153;
5484;
12125;
2516;
2688;
12140;
6522;
14895;
2870;
8582;
7399;
7939;
15389;
5856;
6856;
13397;
14655;
1898;
6134;
198;
10592;
10689;
6156;
4163;
11971;
9766;
6082;
5924;
9229;
13432;
3310;
14238;
6171;
5807;
8384;
8498;
15371;
9785;
9869;
10807;
6698;
3707;
13745;
12625;
2224;
13913;
5006;
5262;
2744;
8470;
10377;
15017;
14160;
14220;
9158;
11854;
5787;
7930;
8329;
4853;
3850;
15102;
8869;
14219;
1307;
7282;
6448;
7368;
12854;
2951;
3392;
7556;
4212;
4987;
9538;
6428;
8506;
5662;
6207;
15215;
2182;
418;
6705;
3013;
8672;
12432;
14935;
11688;
4994;
974;
2119;
15023;
14192;
6291;
2699;
1552;
3268;
2115;
7502;
1015;
4118;
1336;
10019;
13931;
14753;
6329;
4707;
2329;
12497;
12124;
3616;
661;
15472;
3151;
9793;
10448;
897;
8912;
6840;
10010;
6725;
8764;
7121;
1417;
12793;
14;
1968;
8984;
8490;
13417;
6646;
9081;
15352;
7898;
14691;
8761;
9988;
14056;
11912;
4191;
2001;
12575;
9180;
14439;
1484;
13412;
6952;
10975;
9151;
15309;
2602;
14627;
10591;
13418;
11165;
11781;
3987;
15646;
9875;
4312;
11521;
3666;
3584;
14211;
4195;
14232;
13028;
9077;
11749;
2061;
6234;
8031;
5348;
5939;
9353;
15433;
6997;
3441;
12339;
3085;
6612;
7765;
4183;
10629;
12621;
12234;
7019;
2841;
4387;
10450;
5646;
3469;
154;
1610;
14492;
4956;
13970;
4390;
15674;
14315;
7613;
9642;
14721;
6348;
488;
2077;
12717;
4323;
5608;
8817;
10869;
6330;
9672;
9337;
5978;
2047;
3112;
14285;
3113;
5343;
9275;
14451;
11690;
1100;
14558;
5550;
7693;
13353;
2585;
2794;
15552;
11072;
12731;
4159;
1576;
2862;
1590;
791;
7323;
441;
7104;
9667;
11473;
14924;
12515;
2840;
202;
5324;
3130;
11603;
10918;
6842;
6746;
14810;
1458;
5647;
14557;
4662;
12539;
13469;
2790;
10494;
14838;
12004;
8234;
4418;
11766;
6446;
9579;
7449;
3034;
11949;
3742;
1630;
4446;
6069;
3438;
8439;
11559;
5984;
9767;
5118;
9725;
845;
4204;
12156;
5198;
11;
6955;
2125;
14217;
11736;
420;
2301;
15675;
3107;
327;
4273;
2708;
4189;
11003;
1797;
2815;
14650;
11809;
10477;
11325;
708;
6471;
8013;
11723;
2212;
12441;
11089;
3386;
14274;
3052;
7062;
10086;
8693;
1128;
1551;
9339;
12523;
8755;
10074;
6072;
13376;
15385;
10277;
13168;
15536;
9546;
9952;
4698;
14725;
10895;
2856;
14218;
11768;
1131;
6591;
14170;
3877;
14353;
7529;
3195;
13455;
10915;
11587;
7079;
80;
7896;
4832;
136;
13596;
3007;
12750;
8331;
8007;
4179;
9450;
1386;
12025;
3942;
13695;
5113;
2239;
10180;
13794;
10123;
969;
1686;
13346;
3678;
10515;
15191;
11860;
7531;
3091;
4053;
6508;
1653;
2289;
2922;
11084;
14910;
10903;
4801;
14554;
12961;
5594;
7870;
2860;
11982;
5022;
13980;
14926;
14264;
6852;
6239;
4058;
5078;
1502;
14573;
12713;
2997;
13410;
4248;
311;
504;
12577;
3021;
11704;
7381;
14813;
8034;
591;
2177;
14778;
6356;
5614;
5150;
2051;
13966;
15342;
5843;
14575;
6193;
712;
5497;
3003;
3763;
8151;
2849;
671;
9404;
12266;
7917;
7820;
4066;
14207;
8749;
3772;
11640;
1798;
15628;
11920;
97;
9877;
11030;
14174;
11558;
7089;
8549;
246;
13226;
11248;
10868;
13572;
10308;
9165;
7157;
13750;
8674;
2446;
3583;
6663;
4788;
6456;
10607;
12613;
12210;
15089;
3426;
12689;
9285;
5770;
646;
4240;
13256;
2968;
11000;
6136;
4234;
6394;
4536;
6713;
7269;
6775;
11068;
15302;
2538;
13010;
6777;
8619;
2807;
3293;
12251;
11226;
10391;
10806;
12281;
7953;
8318;
1824;
10715;
5715;
15204;
11417;
13185;
6547;
4565;
10318;
3520;
13566;
8978;
10046;
8895;
3574;
12120;
3513;
6933;
12634;
8963;
11040;
14560;
5350;
7891;
4854;
2352;
8625;
9909;
5732;
13464;
4843;
3721;
13323;
3808;
8403;
11932;
4280;
6435;
14570;
14519;
6074;
5512;
5393;
11147;
13039;
10080;
21;
4840;
8422;
3457;
3491;
5531;
11841;
15532;
8608;
5362;
4448;
6901;
11106;
2374;
9306;
8459;
11882;
14106;
10183;
4906;
2066;
11093;
11955;
4106;
4502;
305;
7571;
14215;
4680;
11111;
12383;
2684;
2723;
12468;
7830;
15093;
999;
9542;
9760;
15637;
9480;
9037;
2041;
3797;
13404;
6505;
9458;
8642;
7093;
4274;
9092;
593;
4823;
4143;
13903;
10891;
12351;
6019;
4896;
10201;
3620;
6754;
15466;
14597;
10333;
3568;
11750;
14104;
7933;
4481;
4986;
3240;
2022;
8467;
6206;
9411;
1835;
2892;
4000;
11864;
2382;
2989;
15336;
5233;
11937;
2515;
4658;
793;
7397;
326;
6803;
5011;
2630;
889;
2196;
7548;
7635;
9274;
11032;
5360;
5373;
8462;
5449;
2874;
5914;
10109;
5491;
3449;
2000;
7418;
6818;
10906;
7055;
15630;
12245;
13105;
7694;
7361;
10720;
5942;
14243;
559;
4023;
5377;
11918;
2786;
6977;
12816;
7432;
7542;
13531;
9550;
15545;
7517;
9596;
3430;
381;
3158;
7248;
1518;
3816;
12206;
2406;
3868;
14378;
4072;
971;
10872;
11227;
1752;
11500;
8986;
6724;
12459;
861;
155;
6512;
11875;
4089;
9012;
7607;
14945;
6675;
932;
10077;
1645;
7135;
6430;
5845;
9284;
4168;
11818;
15018;
1804;
1975;
826;
1043;
9567;
3303;
3534;
13148;
648;
11846;
12043;
3447;
4734;
5336;
1779;
5283;
6789;
10037;
11389;
13870;
14694;
13769;
6305;
8680;
13565;
68;
13055;
7152;
2811;
8771;
9836;
7369;
266;
7926;
9891;
243;
1521;
745;
1095;
14967;
401;
6602;
14478;
7761;
2454;
11615;
6723;
8002;
13786;
726;
8058;
15216;
3134;
15476;
2471;
15250;
11738;
8914;
3754;
7778;
913;
13456;
14025;
15644;
12649;
2151;
3474;
5042;
4697;
3897;
1376;
8499;
176;
6676;
1903;
12715;
3637;
1852;
423;
2809;
10313;
14769;
869;
11536;
4426;
10144;
15576;
1022;
15668;
626;
7629;
10166;
10828;
14091;
8211;
2604;
6696;
14198;
11650;
13239;
2013;
130;
2761;
7562;
14440;
4222;
961;
15542;
11393;
15037;
14079;
11224;
766;
89;
8932;
3039;
9843;
7094;
9380;
6908;
12038;
2816;
10021;
5968;
11255;
6550;
6217;
13502;
7912;
9362;
8866;
12982;
1974;
8345;
549;
14898;
5206;
179;
3605;
697;
10176;
3218;
118;
3005;
8019;
9431;
2771;
4938;
9824;
4960;
15145;
10405;
7194;
2718;
148;
3597;
6616;
315;
6396;
10343;
7373;
1119;
2431;
4379;
3477;
13560;
14572;
12878;
352;
5879;
8707;
3442;
15177;
12643;
14671;
8258;
1002;
1125;
9666;
14477;
8289;
93;
478;
12093;
14121;
4594;
14165;
13192;
4365;
7670;
13705;
2882;
10397;
9903;
15541;
9277;
5402;
5955;
49;
5492;
3693;
11222;
12475;
3056;
2055;
8715;
9896;
2720;
14661;
9096;
6135;
1899;
8401;
14078;
9333;
11107;
2964;
11088;
15687;
7940;
12057;
14901;
14398;
2105;
9573;
5532;
1929;
5332;
13656;
13706;
14330;
10296;
12420;
8180;
8700;
7888;
12552;
6527;
7568;
14404;
4486;
8446;
14882;
1691;
1192;
4591;
7328;
12740;
2270;
3139;
13381;
12458;
12784;
954;
1713;
12428;
8085;
12564;
2548;
2015;
4349;
6727;
12411;
948;
7509;
14698;
10691;
2463;
4610;
12939;
4202;
14335;
4388;
949;
15522;
14032;
1533;
7234;
10239;
5106;
2133;
14402;
15252;
5175;
3944;
2935;
14345;
7651;
3202;
12211;
12035;
5162;
4541;
11381;
10434;
3301;
12042;
10164;
14128;
3109;
7806;
3178;
8204;
12328;
656;
9786;
9045;
15228;
5160;
14382;
8732;
15543;
6680;
11027;
4342;
5394;
9287;
4770;
8618;
7631;
10530;
1644;
14307;
15638;
6626;
910;
11116;
13375;
5418;
7559;
11719;
4794;
11462;
9346;
191;
12825;
8969;
4251;
11458;
8598;
9920;
3623;
10656;
14445;
5295;
4778;
1262;
14067;
4291;
11608;
5142;
5569;
5164;
4472;
12973;
13890;
5915;
14594;
635;
4916;
13077;
4873;
11581;
13835;
421;
14093;
9070;
2249;
12168;
14842;
10771;
12262;
12275;
2156;
682;
15688;
8357;
13996;
1611;
3762;
5340;
1625;
5965;
8898;
10388;
15353;
10790;
11631;
11263;
14946;
6347;
22;
10286;
14613;
6307;
659;
3219;
494;
2800;
14700;
12260;
2637;
12869;
3231;
13298;
6369;
9560;
10254;
4203;
1853;
1633;
1037;
13190;
13752;
10955;
12893;
7872;
11320;
11503;
3509;
10852;
2149;
4444;
2696;
15027;
11707;
2586;
12454;
686;
12719;
9933;
12489;
10924;
10884;
3452;
2056;
5341;
13495;
11006;
7766;
12139;
2016;
887;
2209;
14196;
4186;
1665;
5679;
1578;
12457;
13441;
11923;
8998;
13170;
12635;
747;
13234;
10521;
3356;
3650;
14662;
1930;
11215;
1444;
12545;
105;
1995;
3209;
14482;
955;
8421;
6214;
12407;
3366;
8892;
11630;
14986;
2665;
5234;
12864;
4590;
7431;
14179;
10305;
2007;
1481;
839;
11589;
4924;
13655;
3259;
12261;
10104;
10005;
320;
3636;
920;
14611;
2229;
4558;
13005;
12655;
8518;
1009;
9466;
1077;
301;
12660;
2517;
5121;
8000;
1326;
9622;
6838;
6436;
6263;
3870;
7993;
8193;
6737;
10479;
14590;
5083;
9972;
612;
2881;
14372;
581;
6114;
2648;
6642;
13781;
3284;
14980;
15156;
7674;
13476;
313;
11017;
14757;
13877;
1758;
14568;
10312;
11361;
2279;
8813;
14391;
13929;
2167;
6860;
328;
1276;
8607;
9610;
15482;
12253;
3661;
4829;
9034;
2322;
707;
10874;
8062;
4921;
15277;
12806;
3663;
8157;
5866;
2476;
14037;
14992;
8513;
2245;
2390;
11825;
4210;
387;
13392;
4735;
4062;
14291;
11205;
13181;
7306;
11804;
9406;
6129;
14392;
8337;
7478;
14148;
14764;
8443;
15415;
14858;
13669;
13197;
13533;
1993;
1834;
1674;
3601;
7744;
7166;
7044;
14225;
5815;
6652;
6869;
3468;
2458;
8972;
3791;
5962;
11942;
15617;
3936;
12576;
718;
4110;
3876;
4033;
11341;
12598;
5243;
8095;
873;
12684;
8098;
4470;
2607;
1200;
5266;
8973;
8778;
9940;
3969;
14948;
480;
2717;
15248;
10768;
9977;
9472;
5518;
14598;
1650;
4967;
12808;
9584;
10352;
5451;
10143;
14254;
11899;
6031;
6361;
81;
8471;
1387;
1609;
14484;
1729;
6039;
15642;
1273;
2127;
14123;
14135;
11863;
2778;
14020;
6874;
10455;
449;
10499;
9776;
14708;
362;
640;
8521;
14468;
14036;
5037;
9840;
15322;
3925;
3958;
4579;
8226;
4773;
15346;
12650;
14209;
3741;
886;
13486;
8231;
13687;
2107;
5814;
1130;
11966;
2258;
7061;
7200;
9713;
10370;
11050;
3993;
11588;
13396;
12792;
4800;
5694;
3083;
10209;
4879;
325;
12998;
13058;
14095;
11457;
2780;
9705;
13730;
4564;
10159;
10175;
7836;
6162;
14388;
4702;
1999;
9992;
4126;
14870;
14256;
9378;
12158;
15504;
10639;
3596;
3697;
11714;
15560;
10056;
14267;
13828;
6037;
12890;
2919;
15262;
15547;
6744;
2666;
14150;
6939;
6437;
14811;
13534;
10633;
1214;
12103;
4097;
8958;
14969;
13478;
13780;
1989;
1290;
14313;
11077;
4225;
10152;
13304;
6928;
14941;
42;
4644;
12280;
6071;
7973;
14120;
3522;
8184;
3127;
14261;
8061;
11339;
1494;
3898;
13159;
12504;
1217;
6284;
1983;
6449;
6659;
9305;
6077;
13992;
4196;
12527;
12456;
1233;
15632;
11669;
14771;
9421;
12364;
3464;
15247;
12745;
11962;
279;
4915;
1712;
8452;
360;
14245;
11833;
10100;
5297;
14678;
2112;
9265;
15148;
14949;
6620;
6075;
10809;
4281;
5852;
11845;
12391;
10140;
9980;
14561;
14913;
6494;
14457;
5397;
6523;
10577;
14216;
1148;
13260;
4531;
12942;
15048;
5979;
10774;
11952;
11881;
6655;
14814;
7963;
1892;
3869;
14567;
7100;
8792;
11164;
9424;
14971;
8944;
3004;
12507;
12701;
11014;
9907;
8201;
13423;
9921;
9763;
835;
2137;
5453;
5615;
10043;
14825;
9589;
694;
5505;
8533;
147;
8686;
15588;
13312;
10662;
6811;
2407;
11590;
6205;
14510;
6145;
9446;
2337;
5016;
10585;
5937;
15242;
9471;
2965;
11257;
13014;
5609;
5529;
9205;
10432;
6747;
9939;
7141;
14422;
11838;
4250;
3701;
3489;
12752;
2347;
12941;
1355;
9067;
8775;
8489;
8341;
7563;
9448;
13922;
10550;
6157;
7446;
1244;
2070;
12902;
14536;
13724;
11038;
7951;
8390;
13973;
5486;
14559;
4067;
126;
9452;
7543;
11177;
15643;
8878;
14318;
9199;
13940;
4764;
8613;
5736;
904;
9044;
1619;
10474;
1705;
436;
2391;
3497;
7552;
2;
11358;
14145;
3055;
14805;
13901;
3287;
13727;
9554;
10263;
9495;
5256;
13583;
6519;
3507;
9319;
12174;
1990;
247;
1541;
2946;
288;
6807;
1627;
13324;
3413;
11476;
15598;
6432;
4506;
12703;
9938;
9117;
3585;
2057;
4141;
12332;
4249;
7472;
2467;
14026;
1857;
292;
2755;
317;
4109;
10260;
11829;
12090;
13784;
12498;
14214;
14745;
8433;
2284;
967;
678;
2746;
5654;
9969;
5605;
1056;
5060;
13302;
7740;
14526;
8143;
555;
8741;
2711;
8133;
6511;
11112;
12605;
11644;
9689;
15606;
6484;
10423;
10977;
12952;
11691;
6768;
2880;
8795;
15315;
10880;
1806;
6762;
297;
10886;
13875;
6266;
3941;
43;
8;
10645;
13503;
6899;
4746;
6150;
9693;
1512;
979;
1805;
3694;
9443;
12453;
5246;
8428;
4404;
7941;
6360;
255;
12114;
14149;
14617;
13544;
7346;
12681;
1801;
3647;
12540;
6919;
522;
14425;
7387;
2067;
7798;
2092;
1403;
13433;
5925;
5797;
10492;
7341;
14058;
3280;
12578;
10048;
15517;
2764;
11092;
7416;
2769;
388;
10566;
2086;
13498;
12914;
2869;
5578;
14507;
12246;
15683;
2700;
3589;
12608;
8210;
4305;
958;
11666;
14237;
5855;
7577;
15121;
3813;
508;
4463;
4364;
12929;
7351;
8640;
1155;
4556;
8335;
11178;
2726;
1825;
10119;
11480;
615;
9236;
10357;
14366;
1223;
9946;
1103;
13720;
8832;
13762;
6710;
14296;
10887;
3559;
1789;
10057;
4513;
9100;
10831;
11392;
6821;
258;
9169;
11777;
5036;
10830;
7833;
2213;
8187;
9434;
12773;
8612;
2394;
6246;
4120;
4355;
9994;
12906;
4018;
6625;
8486;
11492;
4;
2348;
14564;
6706;
9588;
15117;
9203;
7106;
4815;
1271;
10035;
14893;
6941;
10427;
15514;
3436;
5008;
8874;
14420;
12110;
2192;
5075;
2759;
8131;
2634;
13471;
12397;
13712;
14063;
329;
10315;
12822;
10642;
2582;
14039;
3071;
15539;
5463;
4209;
2673;
5561;
12696;
8492;
9623;
7707;
7658;
12311;
4127;
4385;
1406;
2868;
11791;
14446;
8830;
14772;
1517;
8081;
13736;
304;
14282;
10910;
9782;
1215;
8655;
3938;
13708;
4085;
9548;
7165;
1320;
3785;
6526;
6962;
3990;
8183;
12394;
12849;
11337;
14418;
5957;
5739;
12372;
1140;
5375;
48;
2272;
12940;
4569;
8937;
9487;
7167;
14781;
8993;
6133;
5338;
9200;
13199;
8302;
14919;
4373;
8356;
3331;
2440;
750;
14690;
15475;
5125;
10779;
7989;
2414;
5933;
9239;
10006;
15330;
9530;
4028;
15199;
12570;
9982;
2940;
7545;
14806;
10933;
2429;
6745;
2251;
15604;
15641;
10913;
412;
9069;
15203;
13726;
830;
1667;
5004;
2676;
10702;
9660;
4954;
9973;
13517;
4422;
12920;
11002;
15380;
8333;
756;
4116;
12959;
10387;
6368;
10066;
10054;
9691;
8146;
11391;
7377;
8911;
2243;
5365;
15526;
6699;
11973;
4748;
10320;
15146;
7177;
10418;
5069;
11543;
7581;
1421;
9684;
14500;
9670;
452;
8683;
5390;
13073;
2556;
8469;
7705;
10575;
13547;
6085;
4601;
7450;
1714;
2178;
4550;
14765;
2928;
15451;
13939;
8109;
12496;
5210;
15118;
12369;
1848;
2428;
3402;
4449;
13195;
11745;
7834;
3688;
14831;
4637;
11883;
4841;
11231;
6817;
2072;
4979;
13614;
9119;
10973;
6683;
11304;
6011;
6317;
1371;
1258;
4616;
802;
13757;
3804;
4719;
493;
6721;
4703;
3346;
11866;
15354;
14208;
9381;
11597;
14415;
10573;
12769;
10106;
9235;
13702;
3747;
6559;
353;
15106;
6;
10568;
10707;
13911;
5673;
9059;
13390;
5827;
11993;
9688;
5143;
4977;
8739;
4289;
15176;
4420;
14723;
5693;
15464;
15595;
8799;
4105;
10899;
10093;
11991;
11145;
6400;
13463;
1228;
12062;
9293;
12895;
6801;
12119;
6844;
7420;
3379;
2345;
9084;
10660;
7682;
15408;
9098;
11450;
2180;
12531;
9736;
7092;
5699;
10658;
8155;
7942;
9430;
2050;
2201;
9491;
158;
6160;
11281;
99;
3618;
11075;
9604;
10787;
5624;
8820;
2082;
15437;
9309;
9187;
14263;
14476;
6385;
9582;
3171;
7233;
11817;
5044;
4577;
1096;
11898;
669;
10328;
5383;
1530;
12183;
934;
4777;
2539;
4392;
8639;
4817;
4167;
13580;
7000;
14762;
15618;
5577;
7394;
1771;
6915;
8834;
12286;
5510;
2653;
1984;
7845;
6218;
14346;
739;
8048;
15417;
11110;
13414;
15020;
11041;
4831;
588;
3943;
8228;
9861;
10342;
8410;
10571;
1893;
12694;
3809;
9163;
6132;
15062;
13515;
8071;
14783;
1575;
1851;
12559;
7335;
5245;
4532;
9147;
2254;
10022;
7187;
15410;
6181;
963;
4187;
4810;
5672;
6882;
9136;
950;
10967;
15652;
4010;
10833;
14867;
13473;
4948;
2058;
5992;
10417;
5041;
9227;
7057;
5146;
11335;
1295;
9422;
11001;
506;
7241;
3992;
1916;
4791;
3084;
7523;
11306;
15179;
1342;
13514;
623;
1236;
3643;
14750;
9485;
8175;
4357;
4809;
9817;
5967;
3199;
9283;
8560;
805;
5635;
13714;
2569;
9016;
11163;
7296;
9028;
9237;
4048;
7458;
3640;
11946;
350;
4946;
13151;
6661;
13294;
4731;
1221;
14879;
9791;
448;
6600;
13586;
241;
13371;
7485;
294;
15098;
2006;
5997;
4945;
8149;
8191;
644;
12905;
2844;
3258;
182;
2796;
14381;
9699;
4828;
3182;
1059;
10120;
4758;
1545;
3577;
2760;
8876;
2845;
14562;
4686;
146;
7356;
923;
6581;
13772;
1955;
5834;
5554;
6894;
12738;
13316;
10224;
6739;
1675;
12536;
12063;
11689;
14158;
7863;
8222;
10193;
12488;
9108;
14429;
6604;
3733;
4325;
598;
4075;
8708;
7309;
8589;
3336;
3982;
9587;
6433;
11594;
2920;
5482;
8523;
6686;
13904;
6658;
11207;
3362;
12695;
5546;
1597;
4300;
10226;
6153;
8929;
15311;
7779;
3210;
8909;
1842;
2164;
3782;
5616;
6785;
4820;
12500;
15317;
7826;
2202;
3160;
649;
11642;
4805;
13716;
3759;
10665;
14002;
9783;
6993;
13348;
10562;
4006;
7692;
5318;
677;
5306;
4627;
4181;
1018;
14311;
952;
4282;
12581;
13797;
14847;
9638;
8195;
15069;
9711;
15327;
7713;
11852;
9707;
14389;
11253;
9072;
12516;
4860;
1519;
2238;
6342;
424;
3141;
13866;
11095;
11913;
15679;
10185;
11243;
2005;
819;
12687;
11386;
8364;
13611;
2857;
10844;
1734;
2646;
3175;
4172;
7442;
11901;
14246;
6152;
9647;
11272;
14952;
7184;
3329;
12024;
14494;
9056;
11398;
6886;
5105;
233;
5395;
12594;
11647;
14320;
9023;
8838;
13898;
13984;
5018;
10311;
10332;
10309;
3991;
14423;
997;
11756;
8259;
13328;
12963;
13157;
5456;
5189;
1680;
1858;
1346;
1446;
4328;
15253;
3946;
9086;
8371;
8665;
4093;
3073;
13777;
1050;
9603;
14099;
7043;
2985;
552;
2413;
10725;
12777;
1442;
5619;
995;
5724;
15268;
7037;
4129;
252;
12969;
6608;
14607;
9789;
15303;
9176;
15361;
10680;
2643;
15221;
11675;
15425;
12000;
7310;
5895;
5459;
15083;
7164;
6118;
8656;
1888;
2255;
8080;
7118;
15561;
15085;
12779;
1349;
9765;
15334;
10532;
8711;
3063;
13715;
5315;
5781;
1724;
5707;
8684;
7404;
12243;
331;
4882;
4877;
14003;
15071;
230;
3279;
10671;
10965;
15073;
2955;
13117;
3296;
6912;
5173;
2397;
4140;
13872;
15218;
4268;
4477;
7231;
14228;
3094;
7457;
575;
13099;
5411;
11483;
898;
10797;
8626;
6198;
12082;
11546;
5651;
2993;
4490;
631;
2662;
13449;
13773;
7505;
12382;
239;
6841;
8352;
9780;
10860;
8808;
14417;
6183;
98;
10108;
8244;
13173;
8653;
4283;
8037;
6294;
13900;
4245;
172;
12370;
11018;
6692;
14667;
8770;
11677;
15001;
3635;
6984;
10951;
11007;
2386;
13311;
10679;
5228;
5864;
10985;
3088;
10505;
3810;
13858;
6068;
12148;
1600;
514;
6296;
5049;
12661;
12171;
15367;
561;
5793;
14696;
6759;
3914;
10938;
7904;
3879;
1266;
11847;
916;
7041;
2396;
14794;
11865;
13991;
13140;
15508;
1844;
10155;
8862;
6491;
7085;
7114;
12623;
10481;
9737;
6398;
7536;
2480;
11988;
3238;
6293;
5500;
7098;
4738;
3128;
4439;
1384;
12821;
13391;
1315;
12628;
2355;
2354;
13974;
1632;
14539;
1068;
5977;
5617;
2664;
1469;
3173;
1003;
1672;
13210;
10337;
14394;
9242;
2660;
7980;
6514;
1727;
12807;
13081;
3298;
23;
6274;
6771;
10138;
2109;
14193;
10290;
14759;
1412;
944;
5138;
928;
7978;
13200;
6139;
13526;
13111;
8776;
10866;
6213;
1115;
2287;
390;
1425;
4376;
14181;
3187;
3691;
3455;
12282;
411;
1676;
13493;
14712;
9224;
3188;
2030;
2611;
14812;
6750;
4888;
14187;
1706;
14640;
9440;
5592;
5185;
8831;
4285;
11022;
8455;
46;
15333;
15612;
10945;
11851;
3106;
4057;
13557;
10709;
5471;
2773;
7524;
2748;
14317;
11605;
2813;
2295;
8651;
6703;
12758;
15209;
11743;
7033;
12393;
2405;
8596;
5909;
3699;
7967;
2605;
15360;
3132;
11015;
12303;
15460;
12160;
8678;
1788;
6694;
6645;
12928;
113;
13851;
12226;
14543;
3549;
5890;
14314;
13659;
872;
5985;
7893;
10127;
14004;
6767;
2818;
10487;
14329;
12378;
6521;
173;
7914;
5741;
12917;
15578;
1168;
4253;
13677;
9250;
12595;
10133;
12472;
2618;
11735;
170;
521;
11964;
8179;
445;
7589;
2416;
3734;
7207;
7391;
3591;
8375;
13697;
3314;
3872;
15657;
9586;
1297;
2235;
4100;
3358;
1046;
13162;
1882;
15423;
15293;
1690;
4649;
5145;
8851;
2028;
107;
10302;
8207;
1907;
9870;
4239;
20;
12449;
14041;
657;
11579;
6540;
13224;
14168;
7183;
5095;
4382;
5526;
1025;
9340;
11584;
9986;
1368;
7971;
10449;
8585;
7598;
8873;
14433;
8783;
2592;
4736;
4151;
10250;
13924;
10663;
15038;
9671;
8481;
10485;
10091;
1628;
15178;
13365;
13692;
9390;
9201;
14014;
8238;
8012;
13489;
7894;
8065;
7652;
15362;
11585;
12104;
11637;
8694;
10361;
7645;
1546;
9013;
8369;
5971;
9361;
2562;
15470;
13910;
1486;
13610;
13465;
12133;
12482;
11961;
987;
9721;
249;
3844;
11535;
8664;
4966;
5966;
1773;
6532;
7515;
3334;
14641;
8844;
8768;
5279;
8220;
9974;
4460;
306;
9834;
6276;
15185;
3668;
15531;
13813;
10160;
982;
14577;
14502;
1430;
2444;
9234;
3423;
10682;
12509;
13021;
2184;
7668;
11570;
12237;
10851;
2244;
13309;
2972;
14566;
7739;
731;
13713;
4991;
4964;
8381;
2565;
1082;
12897;
12690;
5353;
5441;
4003;
199;
6392;
14533;
12641;
7322;
8960;
7046;
12978;
7198;
7453;
13318;
3715;
6561;
11797;
10285;
10380;
6316;
6635;
7317;
4935;
7063;
11905;
3580;
13647;
4864;
6611;
8705;
10929;
7220;
11611;
13809;
4718;
11552;
14459;
12683;
7860;
2460;
3230;
7599;
1631;
13509;
8423;
9367;
2716;
13881;
8024;
15554;
6027;
3350;
7476;
13142;
6472;
9803;
3181;
5548;
9000;
836;
3935;
7714;
11076;
1849;
6836;
11960;
4865;
5677;
2765;
609;
245;
5700;
13065;
7621;
4512;
13606;
1438;
15304;
2046;
9613;
12647;
15562;
6765;
587;
65;
1089;
293;
14163;
13146;
6848;
5156;
2286;
9074;
5014;
8349;
14845;
14548;
8994;
5222;
5086;
8528;
11464;
12985;
2321;
11720;
9984;
13944;
5457;
12556;
7649;
10766;
1994;
8112;
13936;
2988;
8556;
11806;
9299;
7731;
6875;
12067;
2540;
14012;
10826;
5450;
5810;
13261;
8069;
1717;
15347;
3817;
6949;
4244;
74;
4487;
4162;
10567;
1946;
5981;
51;
4397;
9218;
13211;
25;
5839;
4911;
8388;
6001;
5698;
10815;
13985;
5366;
14147;
10540;
4004;
15115;
7602;
2584;
2733;
10528;
10928;
6301;
10261;
8537;
12850;
14438;
10221;
972;
7877;
3463;
10882;
4554;
9005;
14490;
3780;
6286;
5108;
15170;
3728;
15392;
11848;
3486;
14142;
3137;
4466;
525;
2496;
8216;
10703;
3523;
806;
11729;
9858;
7727;
13393;
6510;
2017;
489;
5522;
12186;
625;
13971;
12714;
6489;
9929;
911;
2530;
11908;
6174;
5151;
6888;
924;
12321;
13178;
2172;
14707;
11622;
9496;
7520;
4995;
13654;
616;
1952;
7008;
5927;
2282;
9131;
15012;
5447;
4790;
1203;
2217;
6067;
9509;
10684;
2342;
318;
6320;
14410;
5948;
11187;
2689;
3152;
7280;
1414;
621;
770;
5242;
6241;
13783;
10584;
2278;
3672;
2062;
7010;
5899;
6556;
13213;
10197;
6306;
10284;
12228;
14270;
7056;
6007;
8925;
11211;
6259;
1210;
11213;
8829;
10249;
13504;
11099;
4833;
1277;
4636;
6188;
777;
8047;
3541;
335;
14231;
1489;
5226;
11453;
5221;
11479;
12874;
8543;
9549;
10672;
11850;
797;
8272;
11033;
8714;
6981;
14848;
14791;
14695;
13827;
15685;
7630;
15599;
4885;
14963;
4029;
9747;
10795;
6564;
15677;
8688;
9533;
11831;
12829;
2064;
8520;
14931;
12818;
10154;
10588;
11456;
8948;
13684;
7080;
6084;
9410;
10088;
373;
829;
10467;
9853;
13351;
11190;
6664;
5733;
11342;
7426;
12105;
9107;
12359;
14309;
12086;
12561;
15249;
827;
5077;
7608;
868;
1322;
12416;
8054;
9020;
7514;
1225;
3977;
9204;
13748;
6968;
5217;
13661;
12912;
14414;
11009;
1931;
12604;
1390;
14130;
8172;
7579;
6858;
6701;
14082;
256;
6618;
11621;
377;
3970;
11080;
1962;
8863;
14835;
4060;
5705;
1731;
11477;
1915;
2330;
1408;
4766;
12855;
4816;
3375;
3951;
8353;
4445;
9308;
9930;
9394;
8200;
5935;
11607;
8447;
5581;
12553;
5832;
9133;
519;
11656;
8374;
14325;
7816;
15016;
3196;
10897;
6125;
3653;
492;
263;
6525;
13480;
2627;
15134;
12465;
7182;
7151;
12085;
3706;
1722;
9060;
10710;
672;
15107;
2635;
11486;
14352;
6996;
3266;
11264;
11638;
11602;
2912;
11499;
12736;
2947;
11144;
6891;
1814;
4318;
12423;
15465;
5387;
751;
10668;
10136;
14516;
9845;
14034;
2409;
7393;
6270;
9311;
10013;
11005;
8484;
5585;
7724;
238;
13617;
15650;
8952;
15270;
1608;
4409;
5844;
8724;
10363;
7128;
7918;
8460;
5755;
15075;
1195;
13446;
12366;
13183;
2187;
15462;
15306;
1291;
8053;
4158;
9649;
3148;
2898;
13439;
818;
9855;
767;
359;
9557;
11613;
6639;
3769;
4669;
1397;
6418;
13136;
13155;
343;
6974;
13641;
9256;
7689;
4953;
4345;
7582;
4192;
6776;
6797;
3488;
9387;
14873;
14202;
12176;
13499;
8263;
14295;
8871;
3250;
7110;
9286;
7268;
7456;
14633;
1431;
13599;
3784;
14839;
9555;
15301;
4855;
10552;
10354;
2655;
14080;
12306;
12107;
13833;
3989;
10934;
6308;
1692;
467;
12296;
14622;
3679;
7105;
11985;
6946;
6088;
6374;
12325;
14153;
6963;
6212;
15220;
240;
10107;
8049;
1172;
14743;
8251;
13266;
13340;
4962;
5802;
13814;
8964;
11485;
10799;
9738;
986;
8107;
13937;
675;
6324;
8661;
976;
1111;
6203;
6950;
1872;
13483;
4989;
5483;
15289;
8649;
3439;
13530;
2521;
665;
2369;
9002;
9640;
6405;
1694;
6013;
5778;
11301;
6885;
8997;
14191;
11697;
5488;
14522;
14748;
11773;
9094;
13027;
1460;
9022;
446;
13816;
10293;
5750;
2256;
10952;
1919;
8254;
9082;
6297;
8052;
5439;
7669;
11533;
12883;
1783;
14162;
12622;
8663;
13352;
8650;
5744;
5620;
15143;
14619;
10574;
6715;
1877;
13548;
1511;
11741;
9856;
11516;
5152;
14550;
6490;
9849;
4824;
4799;
15358;
2528;
4848;
10228;
5399;
6455;
3842;
15407;
9460;
3135;
9053;
4730;
12654;
12774;
13648;
12875;
15287;
380;
3262;
14151;
808;
12910;
7031;
13217;
4008;
10893;
12698;
2967;
781;
14544;
794;
1098;
4471;
15210;
13658;
15665;
14328;
6412;
4700;
9945;
1520;
13926;
398;
438;
3821;
2423;
13355;
7949;
5017;
9966;
9007;
2199;
14086;
9993;
12656;
14754;
582;
14371;
14137;
3774;
1698;
8836;
7583;
14766;
1951;
10538;
13516;
7279;
1028;
5368;
15660;
9536;
14868;
3890;
7828;
11034;
12146;
658;
2060;
13492;
10365;
3687;
7907;
12965;
8572;
647;
1456;
1492;
14356;
10409;
13914;
4034;
13630;
6943;
3836;
11191;
9821;
13229;
7039;
8336;
7874;
3387;
12424;
14236;
6859;
12431;
11977;
3294;
10235;
14136;
11761;
13320;
3265;
4973;
6685;
13895;
6323;
12954;
1716;
2333;
10506;
6590;
10998;
2004;
12872;
14134;
6481;
6021;
10751;
2436;
13288;
13790;
193;
5088;
1681;
5887;
9515;
2914;
8362;
15468;
10780;
13490;
1471;
8205;
4745;
15326;
6517;
6451;
3138;
2392;
10632;
12075;
1385;
8242;
2422;
14441;
10593;
13609;
4343;
15394;
5436;
5975;
433;
6272;
11970;
6414;
13525;
3317;
5950;
11184;
5757;
2974;
13169;
11967;
15653;
9968;
10495;
3206;
2021;
10572;
499;
7818;
1763;
14795;
5184;
8698;
6143;
4389;
57;
8268;
15090;
15138;
7921;
14504;
332;
6741;
15349;
9156;
10439;
13664;
11316;
91;
1900;
2343;
8722;
8144;
10772;
3278;
6580;
14119;
12023;
11425;
5455;
10564;
167;
560;
6709;
10520;
15590;
8641;
5727;
11788;
13474;
7567;
14829;
12250;
14571;
2491;
4970;
12772;
8114;
13108;
160;
2449;
8880;
11430;
2283;
14908;
9017;
5954;
2371;
7758;
6014;
2612;
11383;
14737;
14405;
1245;
7654;
11103;
12017;
10436;
14532;
4030;
12677;
12270;
10708;
9449;
1004;
9521;
6141;
2166;
9680;
13627;
14956;
131;
13037;
2850;
13041;
1812;
3761;
7425;
13451;
4869;
6465;
9342;
7569;
12668;
13999;
4542;
14630;
11730;
10024;
7283;
7232;
4932;
4858;
1036;
11798;
8980;
6549;
7983;
7139;
688;
14241;
2242;
5582;
1182;
11625;
1199;
6909;
8559;
10444;
9794;
4479;
1566;
13571;
11286;
8432;
7566;
7386;
4523;
12356;
9395;
12012;
12790;
4453;
13006;
6012;
12776;
9527;
10268;
14303;
14127;
12721;
7364;
11976;
9384;
15498;
2296;
1605;
2327;
3344;
12115;
1433;
6466;
798;
2753;
4501;
11102;
12560;
8420;
8255;
12202;
8961;
4430;
8967;
11999;
13285;
11958;
15454;
7287;
15139;
2644;
4603;
14302;
4996;
9149;
5884;
7623;
1079;
14498;
13613;
2443;
2884;
15147;
4902;
603;
10612;
4403;
12464;
4335;
11547;
1823;
4310;
11685;
3480;
2504;
10218;
2734;
6637;
14143;
14634;
3103;
399;
8789;
5973;
7793;
8879;
14157;
12894;
733;
15142;
10518;
3060;
3343;
3273;
1121;
8659;
12746;
9523;
11576;
5378;
8237;
1920;
13723;
2091;
13187;
9578;
14642;
7628;
12638;
3500;
11934;
901;
12184;
3326;
123;
1087;
5989;
1524;
94;
8796;
7367;
7468;
2302;
1107;
8227;
14044;
15670;
5564;
3157;
5819;
5477;
8099;
1209;
11997;
7690;
7638;
6328;
11307;
9253;
14876;
2886;
3887;
9597;
13330;
10392;
13098;
10837;
9352;
1510;
1754;
11379;
2801;
6764;
7957;
6976;
3100;
13857;
14419;
7849;
13840;
5126;
1123;
10031;
7067;
9438;
7916;
7051;
7922;
5676;
8941;
13733;
4346;
1152;
13289;
4819;
9327;
12933;
3722;
12484;
11064;
5311;
15206;
1452;
13078;
6961;
2508;
11658;
4786;
14777;
2891;
12547;
4679;
6948;
9183;
14333;
4319;
3792;
2205;
7020;
9066;
1775;
7103;
2876;
6788;
9732;
8011;
55;
7071;
12087;
7605;
9219;
7186;
8163;
10947;
7002;
5165;
9561;
9867;
7829;
14734;
8540;
13927;
11900;
11371;
5434;
10076;
4635;
10994;
11355;
9512;
13761;
9332;
14057;
1188;
14790;
9936;
3738;
6898;
10997;
15130;
4405;
1791;
10648;
11350;
6735;
11115;
4597;
8599;
12361;
14823;
1613;
14846;
10974;
9716;
14828;
9489;
10935;
15538;
11043;
8082;
7074;
15467;
4427;
9951;
4235;
14234;
2128;
5192;
4119;
11518;
1949;
8413;
13844;
14201;
12800;
7444;
14780;
14756;
1646;
813;
13235;
5825;
2025;
10034;
6597;
1684;
1381;
1219;
5874;
8566;
2076;
4265;
5372;
1655;
9865;
10948;
9773;
1479;
11188;
3153;
11447;
8475;
4398;
14576;
13083;
14989;
13115;
2913;
5830;
3795;
3108;
7763;
1671;
5238;
4417;
7316;
11441;
10403;
10613;
13075;
14586;
885;
11323;
11545;
2459;
6957;
6965;
3552;
6615;
10990;
11175;
13262;
15151;
1813;
2545;
14114;
2654;
7011;
11487;
728;
13049;
7390;
10608;
1538;
2577;
4131;
14955;
5355;
2264;
1400;
11529;
8717;
5045;
3845;
3297;
10546;
1476;
11673;
10615;
1721;
8185;
5227;
551;
6991;
15011;
11241;
13801;
8360;
15490;
12289;
3501;
12181;
8066;
3639;
4619;
4436;
13732;
10850;
1828;
11210;
4563;
12152;
3994;
13508;
117;
2361;
13270;
6123;
9174;
13301;
9402;
4369;
15366;
1859;
429;
9719;
12541;
12320;
4607;
5269;
6756;
6131;
12617;
12011;
8845;
9139;
915;
13880;
14469;
13000;
6988;
589;
2973;
3024;
847;
4639;
10356;
12462;
7070;
1743;
9898;
5941;
8602;
4340;
2871;
7697;
4111;
15402;
1316;
14250;
7216;
11765;
9983;
9157;
6070;
10845;
5032;
13686;
4643;
15438;
4813;
10483;
4237;
7797;
3659;
7827;
12142;
15241;
1393;
2575;
4872;
11329;
7730;
2900;
5223;
6864;
1497;
13629;
9829;
15214;
5596;
11024;
3849;
12521;
10289;
1137;
12257;
10742;
5179;
1090;
13535;
12724;
10512;
4632;
14042;
1047;
5286;
6917;
12302;
2788;
13802;
4625;
12021;
1211;
7595;
12936;
14937;
9551;
4178;
10502;
11667;
12151;
12293;
6972;
15182;
12185;
6464;
11139;
6834;
5312;
3825;
15639;
12781;
6204;
11525;
7185;
13595;
11586;
14984;
10761;
4049;
13305;
2230;
8548;
6302;
7944;
1640;
9301;
1800;
220;
11565;
1981;
3971;
482;
12010;
1647;
2775;
5639;
10637;
2752;
10631;
4545;
5573;
2783;
14589;
5161;
14035;
5860;
6578;
10171;
9795;
13558;
10329;
11443;
12305;
10911;
14054;
9097;
9062;
12770;
11186;
9032;
11665;
7027;
5063;
10276;
5231;
9278;
5406;
384;
14298;
8158;
3207;
7197;
15329;
11856;
8956;
5675;
5207;
15007;
1218;
15166;
5305;
3224;
14097;
2300;
7961;
6235;
4862;
5051;
12446;
12106;
5437;
5052;
8503;
3061;
13505;
12645;
1129;
5972;
10873;
11702;
15068;
8930;
1078;
3685;
5923;
12398;
9437;
1710;
13798;
5764;
3118;
5737;
13339;
15591;
6670;
13952;
9170;
14210;
15265;
11452;
779;
9568;
515;
12467;
7172;
10045;
11870;
10589;
11206;
9534;
6876;
11200;
12533;
2159;
12102;
1503;
13663;
13549;
6857;
1348;
2034;
6282;
13018;
7065;
10402;
13590;
685;
2054;
6640;
13401;
8278;
9061;
14587;
2073;
8169;
5652;
6251;
11471;
9122;
8322;
5024;
13878;
12469;
2803;
10762;
12437;
6959;
4174;
11432;
86;
254;
3517;
11914;
6022;
5358;
3622;
8483;
2915;
5097;
2895;
6632;
13553;
703;
13551;
12734;
4399;
5053;
14788;
12636;
5412;
14493;
6539;
547;
4452;
428;
7246;
3316;
32;
13685;
663;
14609;
5115;
10503;
3380;
1890;
8340;
7660;
8756;
2580;
79;
4165;
1064;
6833;
12109;
13666;
6257;
558;
9714;
8317;
2980;
10791;
10987;
309;
13479;
7742;
10097;
991;
9184;
2658;
15391;
14000;
742;
2326;
121;
4170;
14182;
1663;
2134;
15128;
462;
5141;
14362;
8120;
6920;
5938;
7270;
11728;
2852;
11283;
223;
12526;
12848;
426;
3359;
4442;
4087;
9090;
1943;
13114;
6605;
5117;
8910;
11142;
8924;
12600;
8870;
6568;
7787;
11507;
12396;
2893;
10376;
10539;
12569;
1638;
13782;
1958;
15172;
12903;
14133;
13811;
4772;
10667;
2259;
2265;
4691;
7958;
15431;
13575;
9591;
936;
12892;
8235;
2248;
2721;
10178;
14521;
11748;
8409;
4041;
3908;
8828;
4416;
8733;
6254;
6335;
13344;
14312;
7304;
6397;
8541;
7467;
15386;
4407;
11300;
6468;
6453;
10244;
14269;
1746;
8908;
10129;
3342;
4190;
10604;
13362;
9209;
13642;
10162;
14646;
14515;
15609;
3010;
10241;
8600;
10840;
5470;
10055;
12558;
6326;
8299;
7266;
6460;
4990;
38;
7272;
11118;
6889;
2917;
12986;
2952;
15321;
14953;
6926;
15376;
6029;
214;
9073;
13873;
15168;
13232;
9941;
9682;
5853;
4216;
14351;
15171;
7095;
12055;
6978;
15193;
7759;
10704;
3839;
11811;
15040;
11944;
9456;
13897;
12631;
3454;
6059;
6708;
2465;
4663;
1379;
8648;
9804;
10823;
2668;
12735;
12126;
1083;
3527;
13383;
14327;
5013;
6878;
2305;
9129;
3854;
15357;
9058;
6047;
2736;
15063;
11713;
2896;
3030;
11169;
11693;
14062;
8050;
14169;
11633;
1961;
6222;
2194;
3926;
13048;
4496;
13315;
8564;
11894;
1296;
9243;
13740;
4743;
8554;
9292;
11119;
14968;
5431;
6544;
196;
10386;
510;
6865;
5294;
9996;
9676;
6619;
14659;
12980;
15234;
11408;
13338;
2810;
7235;
14740;
11334;
3070;
5678;
12907;
5748;
15259;
6609;
7576;
14747;
1784;
151;
13569;
2536;
10827;
8358;
4025;
11192;
11189;
5199;
4381;
1360;
7412;
8534;
8516;
10737;
4411;
12908;
1108;
5466;
15383;
2234;
15079;
11837;
11170;
12871;
10524;
5544;
1679;
9125;
8867;
3988;
6416;
1153;
8096;
6623;
13885;
3381;
10075;
8189;
9552;
2344;
7975;
5509;
8578;
10943;
7023;
14869;
7437;
4153;
10501;
5875;
2085;
4264;
5613;
7436;
10028;
10733;
8233;
7158;
3641;
3124;
10170;
13307;
3570;
2045;
11438;
6656;
129;
10065;
13275;
8323;
4356;
257;
7117;
1587;
8359;
3843;
342;
2953;
7441;
5604;
4498;
2686;
5583;
7257;
9678;
3669;
6169;
9318;
14092;
5645;
1589;
11463;
1720;
4518;
7687;
3389;
5649;
8590;
2970;
10023;
14435;
1766;
10406;
2652;
8476;
3403;
13143;
10053;
613;
851;
5813;
10619;
8894;
215;
14830;
8044;
5285;
4595;
7564;
6444;
10775;
4226;
8766;
12633;
2448;
8178;
7210;
351;
10044;
3495;
10167;
14726;
6034;
14059;
6442;
4311;
6269;
3079;
8465;
817;
15452;
3146;
3871;
11557;
2710;
3654;
4412;
15469;
3657;
3727;
4934;
13281;
629;
5680;
13366;
7889;
14308;
4208;
13675;
13994;
7081;
5837;
14428;
3838;
13259;
5603;
4605;
14376;
2833;
7855;
13653;
1816;
8197;
1818;
13848;
4917;
7238;
4653;
11353;
340;
9796;
2203;
14324;
8224;
1013;
6112;
4425;
548;
4696;
6681;
2770;
775;
2093;
13459;
2353;
6180;
3720;
15186;
3955;
7809;
9257;
14340;
1661;
368;
7099;
484;
5758;
12401;
11202;
14466;
13193;
6262;
6120;
383;
15577;
4949;
9967;
12642;
15045;
5538;
14252;
5767;
15503;
6501;
10181;
7512;
389;
660;
5711;
722;
10829;
56;
13997;
3493;
2957;
512;
8631;
8552;
3053;
8456;
7047;
9797;
6419;
3674;
2563;
8667;
9874;
12548;
10960;
10348;
13854;
10724;
7641;
13163;
181;
2186;
5667;
3347;
3776;
13960;
3904;
6774;
6066;
5001;
9027;
14140;
2622;
125;
15094;
9179;
7817;
1728;
1404;
14896;
14959;
14936;
185;
8130;
4675;
14322;
9792;
11197;
638;
4478;
1029;
11244;
5261;
3140;
6208;
7565;
4171;
3921;
10141;
15579;
3823;
871;
5566;
11787;
5320;
6229;
12930;
4527;
1673;
8712;
2308;
14064;
12190;
15396;
11220;
5427;
9739;
5277;
11132;
11888;
13892;
1457;
542;
5494;
15133;
11370;
5258;
14977;
1839;
3729;
2260;
7475;
2306;
11709;
13276;
1641;
1054;
7262;
2560;
10981;
4871;
1453;
6883;
9046;
13902;
4755;
6516;
15544;
803;
2671;
7835;
11941;
10126;
4606;
13625;
12318;
2677;
14105;
13411;
5542;
2124;
4375;
8203;
12995;
5050;
10393;
9755;
3891;
2359;
6498;
2918;
9216;
8968;
12610;
14677;
60;
12932;
10050;
8502;
11715;
1491;
14821;
2370;
286;
1319;
7753;
9315;
8494;
12127;
3295;
2680;
9330;
3658;
13689;
10125;
538;
10783;
10371;
11814;
13908;
6904;
8472;
7747;
2037;
850;
15553;
10287;
14934;
5562;
9505;
14657;
1950;
14710;
5046;
11461;
1464;
2280;
231;
5871;
2081;
15515;
6015;
11660;
6893;
5314;
14409;
5159;
2523;
7678;
13406;
12460;
11026;
4939;
10188;
2309;
3290;
2735;
15260;
8606;
1293;
4380;
7676;
4837;
8931;
8842;
15246;
13527;
5917;
8051;
5404;
15066;
12823;
7985;
2948;
7976;
10145;
10375;
1614;
13379;
7610;
11789;
12276;
755;
981;
4406;
11159;
9759;
14703;
3043;
13165;
4227;
1976;
455;
5247;
8382;
9118;
14600;
6265;
1615;
8617;
11830;
14739;
7982;
2350;
814;
12076;
11902;
5752;
15081;
13874;
4739;
6783;
3036;
14280;
7;
7022;
13321;
298;
12841;
1738;
7656;
5425;
878;
14185;
13002;
3912;
11455;
6592;
6671;
1777;
10778;
2846;
2078;
2944;
7592;
7853;
13770;
12019;
10950;
2692;
15135;
9592;
2002;
14922;
10195;
11925;
3074;
1596;
7350;
9153;
14496;
2071;
13134;
11460;
9750;
9607;
6629;
4520;
6823;
13434;
12799;
4510;
6319;
1134;
5782;
13343;
4287;
4363;
1191;
3526;
14535;
1035;
11078;
2984;
8816;
4846;
8399;
5214;
4784;
14824;
15626;
3652;
15161;
4435;
4547;
1437;
14610;
4073;
11496;
8616;
4744;
12607;
7242;
12508;
11504;
7430;
13425;
10131;
12192;
6261;
4674;
6445;
7843;
13208;
15046;
9001;
5621;
13426;
10105;
3484;
4246;
5328;
15563;
6674;
1420;
3539;
9144;
6503;
4121;
7078;
8547;
6931;
3572;
7169;
4149;
2663;
11612;
14071;
9866;
3478;
7909;
842;
6476;
12518;
4571;
7009;
4716;
13698;
5428;
3401;
4655;
6924;
7892;
12616;
7477;
463;
2829;
6617;
9040;
407;
1837;
7890;
1574;
15165;
206;
7311;
11652;
8805;
11799;
3859;
9553;
7413;
12414;
4391;
7553;
4951;
9018;
472;
527;
4999;
52;
142;
5000;
108;
10369;
4753;
5847;
9338;
9583;
11907;
7554;
3556;
225;
9397;
9161;
4467;
5932;
14796;
12389;
853;
9374;
1895;
12376;
8461;
12831;
8605;
2926;
226;
1770;
15160;
7325;
11548;
14903;
12187;
12956;
6028;
5838;
8579;
4043;
7736;
11332;
5218;
1117;
1869;
5064;
4998;
12218;
1910;
11071;
14733;
1569;
11004;
2336;
8281;
7217;
11983;
10373;
63;
3419;
8306;
1971;
11596;
10963;
3237;
8290;
13104;
5632;
9846;
10942;
14050;
5057;
1862;
13386;
8162;
10734;
14276;
3125;
15546;
1146;
2478;
9971;
2141;
5961;
9413;
6426;
4161;
4722;
7665;
12249;
12015;
177;
2822;
4836;
11292;
12858;
3456;
5696;
2763;
12884;
680;
14377;
5349;
5015;
10069;
5911;
12760;
12543;
300;
10834;
14397;
909;
9329;
6105;
679;
4514;
3239;
2532;
1636;
2877;
5304;
9831;
1242;
3179;
5102;
6144;
14927;
4384;
4458;
15520;
3360;
8703;
3968;
3200;
11873;
13739;
5166;
3394;
13367;
2789;
14248;
7256;
9873;
8988;
7461;
9492;
7263;
1884;
617;
10090;
1205;
7657;
12041;
1255;
4641;
200;
9774;
14444;
15114;
4241;
14861;
12451;
13676;
7331;
5857;
6778;
1250;
796;
9316;
137;
59;
15087;
1726;
983;
10110;
9206;
5523;
9442;
13591;
15202;
3833;
4359;
9556;
14022;
7516;
11199;
5960;
12343;
14412;
6863;
11822;
5440;
13907;
5249;
14551;
10279;
2100;
2376;
10114;
12123;
12335;
14488;
10220;
13868;
14701;
2916;
7215;
4402;
550;
1413;
397;
9704;
4272;
13251;
5595;
8152;
6223;
14800;
787;
1081;
10020;
9700;
485;
1708;
13292;
11297;
2979;
10346;
14530;
5396;
988;
3487;
3064;
11751;
6953;
15659;
8021;
9146;
8975;
1879;
3408;
13308;
4811;
14072;
2328;
7734;
10523;
12026;
6040;
11509;
7301;
14430;
1405;
15055;
10609;
3602;
8132;
9155;
6008;
11671;
260;
14294;
157;
1378;
6103;
13422;
4912;
11757;
7864;
795;
1362;
12199;
9799;
7214;
4114;
5116;
1507;
12839;
6482;
3516;
11322;
9798;
6649;
6230;
3418;
12632;
6548;
9459;
9687;
4640;
211;
8138;
4145;
5082;
13678;
9503;
9999;
14820;
6576;
9433;
7007;
10983;
6151;
14581;
1991;
12796;
17;
5969;
7789;
3973;
9653;
15140;
1875;
5205;
13144;
3723;
2094;
3313;
8562;
77;
7884;
11475;
15205;
10454;
13020;
12132;
2791;
9543;
8339;
11981;
14257;
10683;
8904;
12274;
4017;
12830;
3352;
7614;
4857;
14651;
8485;
8250;
12747;
10504;
6358;
2398;
2104;
3576;
6053;
11682;
7927;
3363;
4367;
11225;
4720;
2520;
168;
9950;
9761;
10038;
5180;
925;
12271;
1441;
1547;
3682;
2542;
10821;
14692;
11826;
2200;
15273;
11764;
2571;
6104;
4681;
3518;
12172;
3208;
10722;
363;
5067;
5215;
5012;
12390;
4593;
12972;
5154;
3409;
2511;
834;
4538;
6922;
3593;
11230;
7792;
4497;
7285;
6502;
15181;
2589;
10112;
7637;
5756;
14461;
13373;
15446;
12652;
6782;
4156;
5905;
11365;
7137;
523;
693;
4295;
11481;
11939;
10554;
3827;
4261;
9659;
5629;
1398;
6577;
11780;
8527;
11327;
7479;
1466;
465;
7290;
1822;
753;
12235;
5963;
11654;
1856;
12676;
11645;
8150;
15297;
7760;
7276;
10331;
12911;
10677;
8106;
9709;
13319;
3807;
5644;
9418;
2142;
13690;
15281;
6488;
9825;
2707;
10916;
7429;
6975;
2514;
13297;
4807;
5683;
2961;
5664;
1543;
5458;
4972;
9887;
14961;
3922;
9960;
12229;
8595;
33;
13374;
7866;
1194;
7785;
1374;
6268;
8264;
8571;
14897;
135;
9850;
10978;
7702;
15647;
13601;
4032;
15432;
5789;
8326;
10729;
6373;
14541;
9635;
8913;
14197;
13933;
9728;
1550;
9976;
7964;
9828;
15088;
11995;
3695;
10395;
10203;
15605;
8003;
14290;
9581;
12706;
8450;
8111;
4581;
5098;
7428;
10894;
3421;
1370;
14460;
15673;
14958;
8942;
7675;
8036;
9674;
11700;
3099;
6653;
2749;
4574;
14098;
44;
4913;
14770;
5367;
3675;
7028;
10310;
11388;
6264;
966;
7497;
608;
5079;
8568;
2453;
4130;
13337;
12837;
12122;
7451;
4484;
13523;
13871;
4529;
5904;
4476;
11435;
11740;
2758;
11544;
3974;
4211;
13300;
1394;
6932;
10970;
14859;
3626;
4092;
1490;
2116;
10358;
4069;
5421;
12620;
11420;
4638;
13635;
356;
8287;
15629;
10701;
1688;
4708;
891;
4733;
10452;
13512;
1523;
1324;
6990;
5209;
7199;
9620;
9175;
8883;
11879;
2380;
4684;
13088;
13248;
2019;
1048;
15319;
12254;
9429;
4717;
2904;
10216;
11067;
3633;
9809;
15382;
721;
5056;
3953;
10113;
2373;
7887;
7312;
10124;
13579;
7484;
7077;
6423;
5021;
3604;
12170;
10755;
5263;
4699;
3168;
4849;
4891;
5808;
15654;
5025;
15299;
1193;
590;
10653;
15493;
10767;
3228;
6682;
9617;
5354;
1280;
14767;
7455;
2691;
11356;
4765;
12629;
5718;
1896;
7683;
15002;
10182;
10507;
6242;
14827;
9540;
5784;
1933;
8190;
1391;
9474;
10431;
444;
2294;
10509;
15589;
9886;
4620;
2587;
14281;
12669;
706;
1549;
14816;
1380;
13640;
11472;
7333;
3819;
1924;
12435;
10583;
7885;
3396;
10804;
7407;
12316;
6057;
3745;
6395;
12478;
11502;
3702;
4781;
14837;
4568;
5525;
10695;
2250;
11816;
14717;
10134;
12913;
15500;
11676;
13158;
4530;
6895;
14632;
10557;
3283;
912;
2832;
3878;
10082;
10295;
4351;
2010;
1175;
9150;
4238;
4157;
12838;
13742;
801;
11069;
13942;
8395;
763;
7800;
9405;
1142;
349;
11534;
10930;
10033;
6986;
11414;
9513;
11564;
3608;
14906;
1843;
12198;
11311;
1854;
5930;
4374;
11813;
14808;
11416;
8580;
13161;
9389;
8148;
4835;
11992;
12580;
2123;
3319;
9598;
10000;
12232;
7219;
3031;
13207;
8122;
10993;
12413;
8763;
15512;
3222;
5994;
6391;
9643;
14306;
1918;
12326;
899;
11059;
543;
30;
6808;
6336;
10111;
10699;
11228;
15636;
9348;
12937;
5623;
13839;
14999;
8734;
10843;
14077;
15;
1001;
13861;
3038;
9039;
9322;
7419;
12466;
4825;
14033;
13249;
8779;
10416;
5270;
11538;
2808;
11449;
15331;
10706;
11493;
7929;
9190;
6362;
10264;
5663;
402;
4286;
14239;
3448;
348;
8334;
9706;
9625;
4534;
2401;
7647;
6420;
66;
50;
6582;
15318;
11938;
11578;
6595;
14719;
15365;
4503;
14489;
12664;
11815;
9435;
4589;
2122;
11096;
2541;
1699;
354;
13467;
4585;
6887;
13291;
2210;
1174;
2482;
1889;
1701;
13454;
15529;
10800;
3528;
8604;
2567;
1836;
3443;
4870;
14669;
119;
4757;
6238;
10664;
9673;
3506;
1749;
11013;
7513;
9753;
2311;
13688;
1819;
7679;
4981;
400;
503;
9564;
12582;
15501;
3954;
6267;
10101;
13837;
7653;
12417;
370;
11636;
9041;
2941;
451;
11428;
1785;
13700;
10620;
2106;
5322;
3144;
13841;
12585;
9288;
7014;
15649;
3544;
7153;
6493;
9310;
10526;
13704;
7574;
3311;
227;
11643;
11614;
7052;
12615;
3197;
8794;
10560;
11987;
10341;
3595;
8240;
8397;
6382;
2977;
5359;
8418;
6480;
2576;
14016;
15631;
11956;
7147;
8043;
11424;
4132;
3102;
9482;
8800;
6504;
4026;
11974;
11762;
4978;
4482;
1905;
1007;
10325;
4054;
11909;
15122;
2835;
11279;
14467;
15692;
922;
4082;
10514;
8893;
11711;
6987;
13573;
2474;
2228;
5586;
7936;
4009;
15533;
10334;
13576;
15390;
8905;
7498;
4294;
7974;
13787;
7271;
8145;
9344;
633;
5248;
6417;
3627;
2854;
7211;
9364;
13174;
1463;
11878;
15119;
7295;
9116;
1582;
12802;
13369;
10426;
1261;
11871;
5841;
11252;
8346;
12794;
15056;
15442;
1061;
14588;
7075;
224;
10367;
13147;
11436;
8022;
5831;
133;
7112;
11367;
9252;
2513;
554;
5413;
2188;
7709;
2596;
12292;
2597;
8710;
4339;
4370;
13059;
5081;
10636;
11345;
2117;
13110;
6766;
395;
10307;
1478;
12341;
8296;
10266;
3019;
4543;
7811;
11678;
1299;
13619;
2933;
15207;
1535;
1996;
15164;
12828;
8615;
6411;
862;
12653;
6273;
4876;
10410;
8274;
10867;
4572;
1143;
11524;
14363;
641;
7721;
7666;
11269;
15269;
13883;
531;
15689;
2470;
536;
3044;
6792;
7443;
10029;
15263;
7507;
8574;
6855;
2171;
72;
13054;
2675;
12948;
6596;
9541;
3680;
524;
8928;
4215;
14361;
518;
2419;
11790;
10316;
3145;
11212;
5240;
957;
4013;
4787;
7699;
10764;
3892;
569;
14506;
4692;
15356;
5317;
8141;
14227;
2732;
6761;
903;
10904;
1954;
13153;
2274;
6935;
2452;
15348;
6992;
2615;
12005;
2473;
13983;
156;
900;
5876;
3256;
6650;
7015;
1792;
5584;
5530;
12885;
15596;
10794;
1248;
4975;
15275;
2956;
11427;
15440;
3794;
14442;
6999;
14966;
13219;
7987;
10121;
13184;
7278;
9634;
10306;
15335;
6194;
3033;
13435;
2450;
2179;
9091;
12711;
8938;
6796;
1850;
5743;
1603;
7620;
7054;
1617;
11763;
3437;
7643;
8283;
14159;
10817;
7831;
9220;
8823;
3307;
2570;
10744;
1756;
4074;
10475;
4827;
7716;
4928;
3050;
5528;
14537;
12852;
13832;
10770;
12279;
11954;
1284;
3985;
778;
4769;
7655;
5284;
491;
8553;
12844;
5575;
376;
10907;
7082;
14885;
7899;
2195;
11562;
2628;
15613;
7854;
12522;
7526;
15616;
10061;
7560;
6279;
4678;
1811;
765;
1702;
54;
3590;
5738;
9152;
7680;
6167;
15364;
3042;
8802;
2883;
14914;
8393;
8020;
2713;
11592;
2949;
1482;
15030;
7632;
831;
695;
7782;
8097;
14051;
14863;
14547;
4150;
6381;
7421;
9416;
9569;
6038;
9025;
12992;
12739;
10527;
6799;
5178;
14385;
1536;
4173;
15528;
13388;
11600;
7528;
8935;
7911;
8647;
10382;
4592;
998;
4056;
1537;
5628;
8090;
9559;
3133;
3535;
13815;
6541;
14628;
12678;
605;
12889;
195;
3966;
12018;
1278;
4701;
7175;
5316;
4980;
8906;
9654;
8030;
7751;
12073;
12020;
3117;
14212;
927;
8078;
4081;
6636;
9057;
14714;
828;
3308;
2669;
15429;
8192;
11276;
1358;
4762;
3567;
5104;
5325;
6805;
1855;
9240;
6281;
15690;
12951;
5255;
7243;
2774;
11674;
12483;
10745;
15120;
3920;
12319;
4629;
13399;
12294;
14583;
12627;
13035;
2889;
2820;
6202;
4782;
1281;
1023;
4050;
4944;
5702;
10156;
9990;
2027;
7264;
1375;
6409;
6733;
2310;
5374;
14787;
8218;
8852;
9115;
12404;
496;
3432;
9507;
13026;
6386;
6809;
5331;
11551;
4200;
9427;
6244;
11415;
980;
4270;
7495;
2451;
11668;
1496;
9832;
572;
13212;
9823;
3479;
3610;
9268;
1165;
6666;
1826;
3462;
7868;
13788;
8448;
14639;
9593;
6415;
3692;
13166;
5863;
4687;
2937;
6784;
5689;
10322;
5357;
10885;
8324;
8164;
4894;
6847;
4108;
6016;
13253;
11926;
7773;
7034;
11687;
849;
2165;
7305;
10196;
684;
4578;
502;
10785;
10857;
3550;
11404;
5109;
10420;
8436;
2103;
4796;
12137;
1876;
15492;
5219;
3739;
8314;
11556;
13916;
2617;
2214;
192;
12863;
10462;
5419;
2399;
2233;
1102;
6688;
5424;
7273;
6119;
14268;
14048;
3444;
8586;
6092;
14819;
1599;
11314;
7376;
12716;
4524;
1563;
15398;
14605;
2240;
8156;
4298;
3498;
6056;
1088;
5168;
8591;
11567;
2079;
11742;
10786;
4599;
3201;
4626;
2114;
10446;
13452;
9244;
13993;
10248;
11185;
8621;
10646;
11351;
259;
3801;
10964;
3009;
5254;
8477;
10327;
14251;
3086;
15074;
2535;
5805;
15174;
6219;
8690;
622;
1972;
6812;
14253;
285;
2939;
12166;
14623;
14470;
1964;
12233;
8301;
610;
10544;
11369;
8094;
5556;
7573;
14709;
2632;
12780;
4652;
9325;
14964;
1985;
10058;
3248;
1267;
2315;
12367;
10788;
9263;
12999;
15049;
4429;
11710;
6916;
9928;
556;
12258;
12161;
933;
5080;
15082;
4366;
1506;
13588;
3420;
9815;
8135;
10081;
15044;
2554;
8628;
3340;
2954;
2519;
14483;
4322;
10205;
10378;
7832;
4184;
7851;
2641;
12365;
9127;
509;
3327;
9336;
13807;
5027;
12227;
10089;
9373;
1555;
13749;
15251;
15566;
4400;
11840;
5408;
3806;
6873;
4874;
11065;
6303;
11010;
12360;
6101;
14920;
7897;
14030;
9665;
10219;
11935;
5414;
10299;
12682;
8723;
12375;
6845;
10353;
14943;
10004;
15192;
13164;
2435;
9370;
12215;
2232;
6781;
1863;
12231;
15573;
382;
6910;
13585;
10017;
12606;
4228;
6669;
6065;
11986;
2601;
14449;
13009;
8389;
8361;
1167;
10102;
4958;
9382;
13987;
6060;
790;
345;
7701;
9279;
1992;
15368;
6786;
5293;
12419;
8159;
14715;
700;
9441;
15370;
5766;
12915;
13461;
9811;
11754;
4330;
5642;
15633;
13711;
3429;
3638;
15587;
15556;
5119;
8001;
5934;
2550;
7920;
9646;
14465;
12384;
6243;
12379;
8886;
9712;
10148;
2867;
12474;
5407;
1623;
4103;
10812;
13015;
9477;
2288;
5068;
7950;
6497;
7756;
3917;
7339;
12207;
11397;
7774;
1126;
5888;
11549;
5708;
7584;
2466;
3840;
10647;
12145;
14595;
14528;
6867;
4015;
3851;
5796;
14297;
10565;
2934;
1357;
9995;
4596;
6500;
10962;
11927;
11315;
5472;
13056;
8426;
12069;
10484;
6631;
15404;
13853;
8068;
1196;
10142;
12704;
8610;
13838;
15110;
8970;
11121;
15428;
4963;
7844;
10578;
15549;
13574;
6079;
12759;
12591;
11628;
115;
1790;
40;
6890;
14809;
13501;
11921;
6440;
5919;
1488;
12946;
3212;
4941;
8746;
11274;
8212;
6966;
12924;
6158;
15194;
15397;
6376;
1560;
13091;
267;
1878;
3883;
469;
7962;
6982;
15173;
2049;
12583;
11346;
10085;
8826;
13743;
12355;
13241;
3573;
8601;
13205;
11309;
8643;
5835;
8497;
14758;
1808;
4976;
1778;
10595;
1923;
440;
2387;
432;
7606;
12967;
15308;
10200;
5889;
13834;
10696;
2108;
8856;
1235;
12310;
13360;
5779;
229;
5560;
13090;
2024;
5572;
1149;
11876;
13336;
15669;
207;
4231;
8671;
14199;
11924;
13042;
15447;
1649;
5848;
12091;
5602;
9138;
716;
13710;
4826;
1329;
14722;
1328;
14854;
9350;
15316;
5329;
8199;
8230;
15416;
11434;
10914;
12987;
4255;
12298;
14540;
10816;
10551;
15025;
15615;
11537;
10288;
8015;
14883;
11051;
14118;
9847;
8673;
11891;
15200;
10596;
3494;
11127;
12887;
14981;
1532;
10758;
7277;
1040;
109;
14738;
4007;
145;
2642;
12060;
13561;
13233;
4861;
6148;
4721;
6049;
2143;
1970;
2741;
13746;
6880;
12068;
295;
3155;
14852;
4079;
13539;
2489;
2477;
9908;
6062;
6406;
7725;
1372;
10969;
7549;
12919;
8313;
9408;
323;
8454;
3014;
6004;
12;
14631;
6245;
6795;
2462;
11698;
9733;
2163;
13594;
1475;
8396;
1447;
10599;
14517;
14400;
5653;
1765;
12089;
7786;
5065;
127;
9830;
1157;
7586;
5641;
6349;
1735;
7625;
11785;
8718;
1303;
10508;
7815;
2573;
14742;
6748;
10694;
11451;
1323;
13325;
8849;
1769;
1345;
9088;
7130;
13923;
13767;
4071;
456;
14301;
14200;
11265;
6036;
11874;
8055;
10581;
2088;
6439;
3645;
4441;
6819;
3543;
1154;
7303;
15126;
13128;
1505;
11349;
8171;
5229;
1116;
14760;
12845;
4724;
9488;
8811;
11155;
4992;
9193;
5878;
3764;
926;
5334;
10940;
8567;
3345;
7539;
15381;
3335;
9135;
4562;
6918;
3198;
6228;
13568;
5668;
13646;
14278;
3433;
1762;
1988;
6872;
4236;
1263;
4842;
7260;
12925;
5019;
13443;
12648;
4135;
15015;
14108;
9529;
4897;
1181;
7703;
8991;
4371;
12537;
12374;
1132;
1557;
2096;
9627;
12520;
10753;
1703;
14665;
4812;
2729;
9758;
13342;
9777;
14249;
14683;
754;
5936;
7069;
7258;
4480;
3427;
3837;
2147;
2992;
15351;
12708;
8837;
14355;
14126;
13016;
1810;
5986;
2899;
11052;
4064;
1063;
4462;
11247;
9412;
3251;
3909;
11746;
7626;
2751;
11060;
8584;
15495;
8848;
10690;
4508;
12860;
12066;
13029;
10298;
14518;
11810;
4284;
12053;
10060;
11138;
3725;
9864;
6537;
8186;
5995;
11376;
2356;
3006;
10471;
5862;
4803;
557;
15582;
2351;
1526;
8407;
799;
11363;
8629;
5323;
5593;
11273;
1925;
12346;
12927;
5626;
13644;
8089;
12658;
3016;
3339;
5597;
11490;
3758;
7511;
10634;
10139;
13896;
12809;
2048;
3853;
6738;
11261;
9892;
4401;
10989;
13919;
1179;
11172;
1051;
2866;
9683;
4622;
14509;
4714;
4969;
14929;
3247;
290;
11352;
965;
9191;
13729;
5275;
13413;
6584;
6638;
14884;
4306;
2364;
9594;
12805;
15225;
9343;
12278;
13691;
8955;
3459;
14122;
283;
8576;
13917;
11168;
4656;
9467;
14872;
11157;
11929;
6569;
13522;
6189;
159;
1542;
10757;
11256;
13222;
5478;
8798;
13721;
1654;
11039;
15271;
3965;
5537;
14337;
13487;
12084;
2945;
1947;
8501;
12242;
2152;
9137;
1914;
13064;
1094;
824;
1629;
13011;
5381;
1957;
730;
13069;
11250;
10414;
1635;
9943;
303;
13407;
1428;
14101;
15568;
3276;
7825;
6061;
13998;
11054;
11305;
8117;
10194;
8679;
1070;
7991;
9698;
10862;
1026;
9574;
13468;
296;
7176;
5893;
4128;
9897;
12528;
4123;
567;
5922;
5524;
4566;
12208;
12487;
11911;
627;
5208;
15276;
164;
11008;
6983;
3628;
14591;
6621;
12223;
2958;
618;
10730;
102;
1101;
15663;
10603;
12028;
9880;
15219;
3531;
7712;
13670;
12323;
2269;
7928;
6851;
14240;
9932;
1593;
355;
11734;
10555;
3923;
6185;
12597;
5734;
14010;
5712;
3740;
5728;
1607;
15101;
6528;
2223;
13145;
9883;
8797;
15111;
111;
562;
3393;
14437;
3244;
15077;
15163;
13709;
67;
8542;
4088;
1840;
14300;
3670;
8946;
6492;
9857;
9715;
13347;
1185;
4609;
9030;
12476;
15662;
15051;
14052;
15116;
11784;
5103;
14990;
3709;
7493;
12040;
7881;
5202;
7229;
14242;
14727;
9259;
4988;
9021;
16;
1230;
11651;
5987;
5476;
7171;
14448;
9365;
8070;
14102;
11298;
4852;
14100;
11653;
4677;
674;
3560;
15387;
7681;
513;
2102;
459;
11783;
9916;
12877;
12728;
8253;
11752;
7561;
12217;
8807;
9033;
1449;
1871;
11842;
7018;
10115;
15474;
2787;
8487;
3372;
7659;
9790;
7225;
2155;
404;
11887;
12440;
15484;
1231;
12567;
14275;
14751;
5897;
11066;
8209;
2762;
10954;
5250;
3711;
6093;
9619;
205;
4329;
13086;
2931;
8812;
6989;
9106;
15060;
14223;
8855;
8919;
8027;
9192;
8526;
15623;
5043;
4500;
8438;
4078;
1873;
4353;
5988;
7221;
11843;
14776;
8174;
13649;
4984;
11721;
4947;
8611;
8504;
7281;
15656;
8861;
9148;
7190;
15413;
13497;
8370;
5768;
13043;
378;
9545;
8917;
14184;
15235;
11035;
11083;
7161;
15608;
422;
1571;
8897;
1809;
1648;
5342;
11310;
15028;
4051;
12079;
14608;
11236;
322;
14679;
4688;
5539;
1764;
7906;
13951;
13030;
877;
3467;
14383;
333;
654;
9837;
9238;
9369;
13651;
9101;
13380;
691;
8256;
9962;
14979;
15197;
4434;
439;
709;
4247;
14957;
13408;
8198;
5612;
7901;
10949;
13808;
11385;
12357;
13013;
14068;
1178;
1911;
277;
7722;
14094;
12662;
144;
12506;
2742;
7405;
1034;
968;
12882;
9035;
14798;
15047;
194;
10849;
3655;
2035;
4667;
5725;
3746;
698;
8947;
3918;
5094;
15572;
6076;
10400;
10461;
4937;
14380;
7937;
10617;
14015;
3984;
15103;
10533;
13245;
10084;
15585;
14741;
994;
12322;
6960;
3511;
4207;
11495;
7972;
12512;
12702;
5136;
11134;
11400;
14125;
4185;
13255;
6506;
7988;
1268;
7772;
12191;
11819;
7803;
3503;
14702;
9500;
5335;
2701;
8891;
10303;
13756;
4083;
14018;
9563;
11872;
2360;
310;
1220;
10580;
334;
13696;
7090;
11114;
14525;
13317;
3229;
13905;
3642;
1501;
15450;
880;
13864;
7192;
8725;
12284;
6800;
14152;
1669;
10996;
1815;
5155;
8760;
4395;
854;
3814;
1141;
6769;
8859;
5225;
9212;
1247;
2483;
6099;
11726;
11384;
8064;
6384;
3020;
5176;
5093;
5580;
1739;
5836;
14368;
6610;
8033;
10651;
4440;
729;
5906;
10600;
2645;
12002;
14132;
106;
8468;
12164;
1260;
6720;
11599;
4036;
7398;
7204;
12094;
4176;
10496;
5144;
13615;
1715;
5913;
2745;
5123;
14932;
15555;
4895;
9296;
7133;
7003;
4154;
4567;
9609;
2498;
14620;
15624;
9171;
3979;
14960;
4830;
13237;
8214;
10368;
14786;
12037;
5555;
15388;
7490;
78;
2527;
6377;
13621;
10482;
11732;
12833;
1435;
15132;
141;
10640;
11695;
3072;
8515;
15305;
12013;
6871;
4919;
9376;
11807;
14944;
11800;
1105;
11701;
7459;
876;
10009;
14271;
14359;
15258;
6434;
8529;
9320;
7340;
15019;
8291;
6170;
6731;
5087;
7222;
9052;
5274;
12340;
2561;
7743;
11779;
2685;
14455;
1697;
6463;
1169;
6277;
7021;
13101;
15422;
11194;
1450;
14666;
15610;
6285;
7344;
14614;
3713;
10210;
3757;
14076;
5800;
3873;
10802;
122;
14907;
11280;
4926;
14497;
5865;
10428;
1308;
8495;
4725;
12994;
12588;
13836;
8124;
9827;
5212;
9068;
152;
1870;
8414;
11844;
7663;
5520;
4410;
2848;
10489;
10535;
14915;
14729;
15006;
7402;
5618;
10473;
2298;
1399;
11569;
9879;
461;
7298;
13605;
3123;
12562;
13820;
2614;
564;
10700;
4213;
14826;
6483;
8815;
1561;
9104;
12014;
8392;
5171;
3101;
12009;
9525;
13419;
2207;
10344;
7688;
2672;
7603;
12587;
2032;
7143;
5956;
537;
13306;
11867;
4875;
5882;
217;
9481;
1359;
13361;
7593;
3793;
11045;
4302;
10215;
4333;
604;
9590;
3671;
8458;
1145;
5003;
9731;
4922;
10561;
2110;
1312;
10265;
9011;
10825;
14732;
11963;
810;
1668;
14574;
2168;
10569;
10415;
4808;
45;
2885;
14055;
13667;
3233;
13022;
11124;
6220;
8623;
5055;
12248;
7300;
4761;
12568;
8573;
7997;
10748;
4900;
13123;
3028;
8305;
5030;
15443;
9398;
14464;
10719;
15570;
1693;
8093;
62;
6906;
6903;
12287;
1657;
1006;
14947;
10169;
6477;
11646;
6654;
14917;
1866;
12795;
12342;
10542;
9812;
11623;
15175;
9465;
4683;
13202;
2897;
11895;
6884;
9697;
6283;
3888;
190;
6892;
2557;
13862;
14978;
3485;
11555;
14463;
14173;
4774;
701;
5533;
14436;
4821;
7522;
14681;
3253;
12767;
8877;
11196;
374;
7821;
7737;
1109;
12418;
12350;
14553;
3964;
5881;
7910;
453;
4377;
14975;
5009;
10412;
12602;
1472;
10027;
9710;
2111;
5517;
12403;
14011;
7252;
9989;
6827;
8430;
9297;
8181;
5345;
6159;
6173;
643;
11302;
10394;
12725;
9695;
11575;
6147;
253;
6854;
13437;
505;
15625;
10529;
7875;
265;
2368;
5869;
11079;
1544;
2388;
10726;
1987;
9818;
14785;
13160;
9042;
2332;
890;
7769;
15412;
8319;
1573;
10275;
9629;
12167;
8215;
12685;
13859;
12162;
3035;
12671;
10339;
6518;
7036;
10351;
8865;
3066;
61;
7127;
14888;
13693;
9964;
8154;
15137;
12730;
5858;
10717;
5686;
11373;
2728;
6023;
15375;
13633;
9890;
2578;
12688;
4904;
9748;
12195;
6702;
7315;
14139;
11267;
3095;
11512;
12979;
3220;
6704;
9624;
5430;
7504;
15403;
2738;
3232;
5066;
7131;
7488;
12789;
10643;
9393;
14891;
3525;
9658;
10349;
10292;
13975;
11394;
8006;
1846;
14514;
13741;
3586;
1212;
9520;
10041;
6970;
9130;
8522;
3790;
5692;
11469;
2247;
8945;
7698;
2681;
4689;
4961;
12236;
8480;
8373;
1742;
4421;
9019;
9888;
5565;
1670;
5541;
3163;
12866;
14046;
3662;
5149;
12938;
1099;
4907;
2484;
2756;
11523;
5775;
13243;
3397;
5089;
12347;
11857;
15153;
5851;
2189;
10498;
14773;
9499;
12791;
1821;
6839;
7097;
2705;
2211;
10856;
2065;
11514;
7611;
7091;
2253;
3213;
3172;
10280;
2040;
13416;
7380;
12338;
5660;
1570;
2313;
12100;
4230;
6334;
14638;
12047;
12180;
6740;
6089;
1184;
4673;
3440;
12640;
15359;
464;
14175;
14350;
3080;
1748;
13582;
10025;
8261;
2804;
7633;
10083;
1213;
4102;
4914;
2193;
13345;
15420;
4505;
3625;
1300;
12803;
5953;
8303;
9494;
14481;
2595;
9749;
9893;
3471;
5701;
2925;
9031;
12283;
4279;
10917;
5570;
9614;
8536;
11513;
14505;
14115;
13906;
15374;
7474;
6816;
2907;
5344;
1065;
2725;
5777;
15453;
13957;
7919;
13103;
12898;
15436;
5640;
11044;
11129;
9385;
7249;
10294;
1343;
3811;
10747;
5980;
11802;
3996;
10756;
723;
785;
4378;
2148;
7547;
2923;
13650;
9664;
2131;
5236;
3184;
879;
10262;
9003;
12154;
14728;
5327;
4012;
804;
8046;
15640;
4732;
10451;
5506;
1339;
13139;
5474;
7267;
11619;
5376;
1677;
319;
6749;
3621;
14939;
5944;
497;
4199;
2719;
184;
12786;
7469;
5579;
13438;
3889;
12764;
6473;
15355;
13445;
13779;
2008;
11928;
8014;
3390;
2649;
11166;
5850;
372;
1841;
1422;
4685;
371;
3062;
9065;
14782;
13223;
5519;
1041;
3566;
3275;
8406;
11082;
13785;
7905;
13962;
11739;
4313;
14458;
201;
4905;
7471;
8348;
6054;
3631;
403;
15230;
15213;
12675;
4668;
12896;
5883;
1584;
12693;
474;
5253;
15136;
12966;
11317;
8464;
5780;
3768;
7107;
7113;
7145;
9912;
5786;
5898;
4839;
7970;
5100;
13436;
13228;
852;
619;
406;
12307;
12766;
10223;
3997;
15150;
2447;
12934;
9820;
15521;
5774;
4516;
12297;
7873;
14450;
9196;
12699;
15226;
14349;
13682;
10390;
4604;
1120;
9741;
4804;
13852;
7796;
9981;
386;
6719;
8971;
7410;
8558;
5265;
1017;
9730;
5515;
6588;
5952;
12044;
9172;
3828;
8243;
264;
5072;
10251;
3614;
5099;
6258;
5996;
1467;
13792;
3882;
12295;
221;
571;
13119;
4709;
5281;
9083;
10374;
5631;
10324;
13252;
8260;
11684;
1314;
8657;
5203;
12859;
6881;
6743;
2170;
10189;
7385;
14569;
520;
12092;
15123;
8350;
7462;
11733;
1998;
7813;
5174;
2475;
4428;
14491;
9195;
7943;
291;
2358;
4107;
2579;
14972;
3476;
6644;
13370;
7837;
5598;
13959;
6594;
6711;
3599;
8696;
9954;
4509;
13364;
10883;
5299;
8282;
2966;
713;
9159;
13731;
1772;
483;
10463;
9355;
13645;
12700;
10493;
4789;
6172;
14471;
3165;
6956;
6018;
13238;
11338;
8767;
3579;
2026;
8411;
3483;
3857;
6108;
4806;
11775;
2157;
11467;
11808;
2991;
11474;
299;
2995;
4194;
9280;
8398;
2097;
7132;
13791;
12304;
1594;
3368;
13567;
5386;
5947;
13359;
11387;
9595;
3533;
6231;
4218;
9651;
6589;
14131;
12165;
10773;
9261;
10149;
4575;
12618;
1795;
10319;
3832;
9562;
4155;
1606;
8088;
11933;
11744;
7196;
7802;
2492;
896;
8884;
10258;
13891;
15096;
6542;
13429;
12099;
15584;
10179;
11128;
13887;
907;
10864;
2861;
14166;
13618;
4851;
6606;
9463;
6393;
3093;
13095;
5276;
1031;
15059;
13882;
7354;
11123;
1982;
5877;
2335;
274;
8277;
13550;
15105;
1251;
3665;
2038;
4473;
945;
4706;
7981;
1567;
9775;
10982;
4113;
1767;
843;
2365;
1687;
13620;
10879;
1340;
8344;
6454;
14970;
6691;
2367;
530;
5714;
9947;
12768;
2023;
9661;
4263;
6829;
5485;
5187;
10957;
3950;
10824;
7209;
11179;
7622;
11094;
11699;
2493;
12945;
10818;
9565;
6404;
6693;
2237;
760;
811;
15217;
10425;
15488;
15284;
8759;
5760;
7642;
1500;
15188;
471;
6110;
5468;
9746;
3750;
5268;
5591;
10920;
9486;
5892;
15537;
1470;
10243;
4316;
9690;
13789;
2537;
9208;
13240;
6081;
4705;
6979;
6469;
13546;
8245;
11262;
6192;
12052;
2819;
3976;
12046;
13127;
3435;
6247;
7383;
9110;
2872;
11409;
13012;
8167;
6221;
13061;
12667;
7979;
4070;
11792;
73;
3260;
9605;
477;
3119;
13448;
11141;
7201;
3370;
1942;
8786;
10014;
1786;
9686;
7535;
7546;
3611;
180;
2362;
699;
5289;
9923;
324;
12756;
9415;
1321;
13718;
10172;
3858;
1106;
1354;
338;
667;
10116;
9822;
9580;
3505;
10685;
5633;
3136;
8881;
14752;
13284;
13428;
3937;
9800;
9043;
4027;
7417;
9304;
14109;
3154;
3634;
10157;
8236;
12097;
888;
6124;
9539;
3453;
13038;
15099;
1616;
13096;
13313;
10078;
6475;
12935;
11063;
10459;
12108;
8347;
14524;
7483;
6163;
881;
10199;
3087;
8597;
1577;
4262;
3915;
7297;
13227;
11382;
3686;
3588;
3002;
232;
10714;
10805;
4336;
4818;
14862;
6178;
11150;
2798;
7388;
14637;
5096;
8139;
15310;
13176;
3565;
13133;
9182;
6830;
9419;
275;
9838;
4957;
103;
4021;
11402;
9655;
8681;
10543;
6772;
4740;
12659;
5181;
7360;
6752;
4461;
2218;
3470;
5498;
5170;
9050;
15373;
3216;
13220;
10686;
14636;
4464;
9895;
4651;
9745;
11618;
7406;
15272;
9575;
13267;
749;
12222;
15607;
4242;
13094;
12639;
7202;
11716;
6531;
2656;
10876;
2558;
636;
6687;
1310;
11053;
8638;
14401;
9630;
6095;
11943;
6337;
786;
10601;
1827;
6166;
15507;
1341;
13810;
13949;
11759;
12983;
13622;
6346;
12832;
15684;
3049;
14864;
2268;
13132;
10854;
12815;
1208;
10132;
7532;
35;
9769;
5854;
2932;
540;
1682;
4447;
14973;
9694;
6598;
6560;
1980;
13034;
2426;
14998;
13372;
15144;
9915;
15523;
9248;
2417;
2766;
535;
9453;
14965;
3995;
2176;
12147;
87;
704;
9612;
2714;
13269;
4297;
711;
1238;
8920;
14473;
12349;
1745;
1204;
14452;
15622;
6753;
859;
15036;
6934;
4614;
8784;
4243;
12315;
8609;
2095;
1637;
6806;
7230;
13995;
9808;
14379;
9876;
1474;
4751;
7540;
4020;
11354;
3029;
11113;
11705;
4068;
7954;
6601;
12970;
4878;
11090;
409;
3690;
6197;
12430;
6236;
9432;
919;
9663;
1166;
7384;
3272;
6300;
2795;
7604;
12157;
2524;
3291;
12861;
14154;
3305;
7465;
430;
8660;
5385;
4993;
14089;
7307;
10931;
12329;
6900;
120;
15485;
15266;
11649;
511;
3434;
6080;
3274;
1683;
10697;
13089;
4315;
2080;
9979;
12775;
3315;
3067;
6422;
14373;
14206;
5886;
9341;
5193;
1092;
14144;
3553;
15486;
14194;
5493;
8538;
8809;
959;
11624;
6787;
15072;
11109;
11541;
4903;
13628;
15004;
14421;
15401;
11433;
12742;
8801;
6292;
1504;
13631;
5601;
2767;
1928;
10278;
6044;
10252;
1074;
5302;
11812;
1921;
8740;
8654;
284;
2978;
1979;
14432;
2942;
7596;
1049;
8916;
15411;
11029;
281;
4276;
6994;
2297;
5172;
36;
9701;
14336;
4493;
8315;
5177;
11755;
9854;
425;
2020;
8330;
2331;
11522;
9360;
8950;
9985;
2821;
1351;
8996;
13258;
10421;
599;
1874;
4326;
140;
9160;
2534;
600;
11137;
10173;
3193;
4267;
1270;
12710;
13046;
11012;
8900;
3504;
6509;
466;
15481;
7265;
5902;
8544;
12755;
12481;
7518;
3846;
11595;
14563;
10236;
15086;
2781;
3538;
10798;
5074;
9271;
5817;
3514;
12312;
6565;
6017;
7858;
13657;
5970;
15009;
11478;
3773;
15418;
14456;
4942;
1198;
11081;
15295;
15680;
11021;
10269;
14258;
7767;
10464;
13106;
973;
14342;
114;
10624;
8676;
2712;
2410;
458;
6452;
6410;
13555;
8416;
134;
12723;
9255;
2651;
8182;
11692;
5467;
2936;
7685;
1622;
11019;
11515;
1396;
7770;
1410;
11771;
5684;
4386;
12064;
2606;
15524;
11862;
2039;
10731;
2619;
7590;
630;
4884;
15070;
11824;
1908;
12193;
8451;
2902;
2823;
13171;
7597;
13382;
11996;
14396;
8644;
6357;
11774;
3090;
3120;
2757;
14923;
15634;
15564;
2485;
12977;
6365;
13286;
139;
7454;
7923;
10814;
6237;
13129;
6485;
12817;
14341;
7005;
4317;
13612;
3371;
3885;
14735;
14176;
12947;
10128;
13793;
3252;
15043;
7757;
169;
7720;
435;
5703;
717;
3735;
12846;
2411;
6278;
7750;
10678;
7578;
3378;
7664;
10283;
12856;
4035;
2225;
11058;
8321;
8304;
10670;
13447;
11173;
4901;
815;
7795;
8743;
2346;
14075;
11406;
11511;
15494;
14687;
10186;
6154;
10468;
9241;
11568;
4645;
8379;
8774;
5148;
15592;
11801;
9906;
3615;
12757;
4474;
8563;
5128;
9493;
6318;
1176;
8105;
14892;
1564;
1279;
6736;
15487;
895;
6945;
584;
7024;
4850;
15534;
3270;
10389;
9860;
507;
2976;
4952;
10810;
614;
13955;
3737;
10245;
12135;
15298;
8140;
6379;
2285;
5920;
4485;
1369;
5868;
14277;
5688;
4275;
5337;
13033;
1272;
6402;
7013;
4931;
13007;
1960;
1020;
740;
5547;
2472;
6280;
8949;
11407;
652;
143;
5783;
5820;
7205;
860;
8512;
3302;
3852;
4260;
6668;
15254;
10064;
1685;
4838;
5347;
15000;
1733;
12056;
7286;
8983;
4930;
8376;
11639;
5636;
12899;
12534;
7801;
15127;
6121;
15471;
2132;
6289;
10606;
1902;
5020;
3364;
11793;
7924;
8213;
8247;
11508;
14985;
5661;
4332;
3537;
13068;
10190;
6315;
12519;
13332;
2633;
15312;
9862;
8670;
8777;
6225;
2772;
8695;
11343;
5990;
6583;
6298;
1091;
12921;
14685;
15257;
15159;
14704;
6033;
10908;
6127;
5073;
5557;
14347;
1275;
3176;
12993;
1776;
11440;
12450;
9366;
15686;
3820;
7691;
6570;
7700;
237;
863;
1845;
690;
10385;
5828;
8592;
14699;
1941;
858;
9403;
8316;
14556;
10941;
7968;
7334;
12801;
13019;
10541;
9457;
914;
2522;
7496;
2135;
1548;
6109;
15141;
3760;
6327;
7370;
1969;
8271;
12549;
3775;
11530;
14117;
4229;
10968;
9014;
4304;
8982;
7320;
6651;
1229;
11271;
6209;
8129;
4160;
4798;
8343;
1327;
10015;
9618;
1725;
13036;
10838;
1965;
10519;
3743;
5134;
6462;
14911;
9469;
1311;
15125;
2827;
10525;
13085;
9345;
3613;
4974;
8320;
9063;
5731;
940;
12252;
1032;
14177;
15463;
15029;
13450;
11313;
3835;
12901;
12646;
8803;
6530;
14799;
10675;
5239;
3304;
13598;
2969;
10863;
4631;
10079;
14107;
7291;
7879;
12876;
9949;
4910;
8872;
9872;
14407;
12368;
14513;
2959;
7017;
11994;
11426;
14606;
7247;
11527;
6954;
3461;
8726;
4908;
12712;
15430;
7159;
5252;
15155;
14531;
14546;
13500;
14855;
11125;
9454;
8449;
1737;
5282;
3032;
10937;
12197;
5657;
11291;
3805;
748;
12194;
10522;
2276;
11193;
689;
13314;
437;
12240;
9911;
5369;
12471;
14019;
4252;
12220;
1820;
11418;
1948;
11930;
9103;
15459;
6849;
1583;
14596;
7883;
2908;
15124;
2894;
3913;
2404;
408;
2341;
6572;
11396;
11794;
6390;
12178;
12136;
9978;
15551;
5559;
100;
188;
4177;
8846;
13930;
166;
8083;
8901;
2488;
11260;
15479;
13024;
14171;
9359;
5829;
8701;
6311;
13196;
9723;
12754;
3069;
8787;
8821;
1124;
427;
8810;
7857;
10793;
15184;
14618;
9439;
7895;
8383;
12665;
4968;
9504;
14676;
7259;
1455;
12402;
7992;
12429;
270;
4525;
12679;
4259;
4408;
4321;
3581;
3905;
13824;
11048;
11680;
11251;
3312;
4909;
12525;
6599;
832;
1257;
10782;
14013;
5038;
4868;
13775;
13915;
10944;
687;
7363;
5753;
1757;
3714;
12836;
2501;
12101;
1325;
12513;
9401;
6914;
12373;
13717;
10242;
5291;
2806;
1601;
9335;
11131;
3959;
10711;
13511;
6868;
5201;
12485;
12203;
7150;
990;
5182;
4139;
5637;
12480;
4214;
11627;
4602;
15232;
7932;
15208;
6662;
8248;
4080;
4188;
9008;
4587;
5290;
13395;
14993;
2971;
1367;
2271;
2208;
6942;
4354;
8668;
6366;
2042;
8624;
10001;
8550;
1459;
4061;
14803;
1796;
12718;
9396;
3242;
10350;
6815;
13519;
15224;
341;
9423;
10641;
14189;
13699;
15473;
9267;
8496;
7447;
1572;
14887;
4019;
13430;
8113;
7695;
6130;
3092;
3388;
1201;
4586;
2768;
6255;
1282;
9490;
10413;
11153;
15691;
586;
11868;
15286;
1;
9354;
11275;
12538;
6333;
5186;
9662;
14653;
4047;
13466;
10692;
13932;
13287;
8704;
7138;
8008;
3306;
1829;
2204;
2982;
12134;
2456;
8990;
11672;
3592;
7550;
3105;
9087;
938;
2814;
11998;
6866;
10614;
14592;
12263;
12159;
187;
14802;
14585;
8394;
4624;
7427;
14084;
1112;
1807;
8818;
9924;
13822;
1382;
10988;
4016;
11362;
4307;
13889;
7764;
6041;
10359;
4693;
337;
4834;
14413;
10986;
11936;
1227;
12327;
7160;
2909;
276;
6758;
5035;
7012;
9833;
12705;
4522;
3603;
8415;
473;
14286;
8298;
4950;
1207;
5885;
13856;
2303;
1966;
14744;
13060;
4889;
5656;
6137;
5742;
6003;
415;
5999;
2613;
1744;
6751;
14918;
11694;
7148;
5371;
15558;
14874;
7609;
3696;
5840;
3508;
7116;
1634;
14262;
14804;
4223;
11979;
9226;
3834;
12051;
13093;
13577;
1224;
985;
1434;
10151;
3881;
11498;
1803;
15053;
642;
15601;
11706;
14486;
13722;
15600;
11028;
12785;
9497;
743;
4611;
8614;
8593;
5235;
2257;
10892;
3815;
2206;
11629;
5129;
12412;
9168;
8896;
6870;
13795;
14851;
12080;
8840;
5811;
13768;
10865;
3309;
15227;
6648;
10399;
9669;
10616;
3862;
9049;
4856;
2130;
11235;
15332;
5271;
9347;
4650;
4144;
738;
10898;
8966;
6461;
10721;
975;
251;
13604;
6055;
9778;
9859;
13335;
4628;
1439;
8063;
11289;
14164;
14672;
8709;
4521;
13442;
8719;
9143;
10438;
7155;
9937;
13214;
5023;
735;
2610;
3749;
15288;
13230;
11390;
5921;
10558;
5462;
11046;
13701;
15593;
2572;
6718;
11903;
13849;
3254;
977;
7372;
2490;
12603;
7708;
4664;
9470;
8387;
5794;
875;
15509;
5816;
14834;
13137;
3328;
10259;
8730;
14001;
12835;
12399;
11146;
4797;
14255;
10433;
7129;
9881;
5940;
9051;
7227;
10841;
15061;
8822;
12425;
9801;
856;
13751;
8539;
3796;
3288;
2873;
15611;
13540;
2267;
9231;
6474;
1485;
14069;
5112;
31;
14905;
13257;
5804;
11718;
7510;
8101;
5670;
11980;
1294;
2727;
7729;
14784;
14658;
3855;
1038;
11074;
9889;
12331;
9099;
10784;
12904;
8899;
7326;
10610;
10008;
764;
1747;
2927;
15300;
4220;
186;
7040;
2682;
8748;
8060;
12095;
3980;
13156;
8288;
7878;
10336;
6322;
183;
3047;
14348;
4726;
14534;
13209;
6603;
8032;
12443;
14323;
13484;
5717;
3332;
10728;
9266;
9601;
14111;
8517;
7819;
8689;
5695;
9852;
6111;
2960;
6760;
11634;
917;
11154;
9722;
15238;
13400;
9015;
8194;
9478;
5571;
14976;
12363;
12333;
3412;
12867;
12517;
727;
13507;
12834;
776;
13817;
9816;
2412;
7726;
2084;
10925;
3169;
58;
8491;
12083;
14793;
6009;
8839;
5867;
11324;
4920;
3751;
7807;
7938;
12494;
7193;
15313;
3022;
11221;
2831;
14289;
13986;
13254;
9484;
15426;
14393;
6443;
8943;
15058;
12163;
9931;
4535;
6287;
7480;
12820;
14648;
14116;
3532;
12247;
13310;
8038;
2583;
3046;
11661;
8427;
12596;
358;
12149;
14584;
13431;
1781;
5363;
9639;
13823;
13778;
3025;
6175;
13679;
7671;
5475;
14475;
13935;
12427;
780;
9628;
10732;
4022;
10959;
5812;
1287;
14565;
8453;
7601;
6424;
5167;
8662;
10625;
6607;
5759;
3847;
9251;
5070;
7619;
11696;
9298;
14580;
3684;
789;
825;
12434;
5674;
7422;
773;
10836;
3756;
11519;
710;
12030;
1886;
772;
1755;
14304;
14624;
2657;
11232;
3407;
10270;
3221;
2998;
9476;
1285;
2216;
8780;
784;
4065;
14021;
2464;
7935;
11403;
4792;
10267;
4491;
12438;
8864;
83;
1183;
1226;
10759;
6575;
13607;
10927;
943;
10404;
5473;
13051;
10383;
9167;
4760;
8915;
6964;
10626;
8280;
3051;
4433;
8675;
3078;
1288;
11520;
8217;
3619;
9228;
15648;
11249;
10912;
5545;
5251;
3045;
14408;
8953;
9134;
13589;
1163;
15337;
7294;
10491;
2400;
12975;
6712;
13592;
13215;
12301;
4393;
6657;
13124;
8992;
3901;
8225;
2776;
12812;
10890;
12744;
5157;
11410;
1554;
5625;
10739;
9806;
9779;
9357;
13206;
6431;
12455;
4258;
8635;
7715;
1076;
14040;
8510;
11922;
5190;
6717;
4146;
9970;
8974;
11290;
2378;
12131;
10384;
12810;
13470;
6520;
8927;
13660;
14259;
3812;
577;
4893;
637;
2290;
9641;
4348;
3129;
7686;
8622;
10445;
10326;
8954;
13578;
10087;
9901;
3411;
8850;
1243;
6340;
7627;
5691;
6921;
2553;
2318;
15339;
6543;
5721;
15091;
5061;
10222;
6545;
10623;
3510;
15502;
10225;
7741;
5735;
6196;
13247;
7934;
4182;
10184;
3931;
13113;
5650;
11318;
8887;
10202;
5901;
2375;
9111;
12502;
4457;
8206;
14399;
12729;
4780;
6487;
7400;
5908;
8583;
14654;
6566;
7424;
3575;
13747;
13167;
13453;
8507;
1075;
13278;
6832;
12230;
4767;
5599;
15031;
7915;
14480;
12061;
7667;
8525;
15574;
2118;
13017;
9264;
14523;
13290;
9657;
5928;
12255;
2053;
4299;
14354;
9080;
6486;
10712;
1774;
1292;
12614;
13076;
15449;
3490;
8285;
11724;
8669;
5713;
2430;
12128;
8266;
7521;
4219;
13050;
4217;
7945;
905;
12001;
12880;
6058;
14190;
10118;
1097;
8391;
578;
1427;
8029;
13759;
11659;
2834;
7616;
7867;
6850;
10442;
15279;
2599;
3569;
12593;
1150;
5122;
6793;
13488;
71;
4690;
431;
10073;
6677;
5131;
3660;
2384;
9483;
6697;
2678;
2316;
37;
1565;
3529;
1586;
5846;
1136;
5648;
11195;
1514;
7749;
4099;
5028;
2581;
9185;
8731;
6113;
2338;
12381;
13758;
5754;
2190;
13950;
11049;
1585;
12958;
4559;
1180;
3673;
1704;
3211;
2425;
10713;
11657;
10291;
8257;
12840;
8918;
14272;
6927;
27;
3867;
14538;
7519;
14310;
12566;
10321;
7203;
5655;
9085;
1264;
6248;
1945;
12395;
2901;
10579;
14761;
10232;
5309;
11181;
4866;
4468;
11357;
13764;
9508;
9652;
9764;
11528;
13409;
7332;
1799;
9631;
6030;
14155;
14203;
5751;
3269;
2667;
9272;
11100;
3927;
3646;
7995;
3731;
2146;
13965;
2779;
6299;
1289;
4887;
8738;
6622;
15583;
8380;
10649;
7662;
90;
13600;
6380;
3082;
9232;
857;
13634;
7636;
8758;
14730;
4615;
13543;
14367;
9383;
3149;
15603;
10;
14763;
5773;
14053;
14334;
5589;
8989;
6478;
1581;
3415;
4415;
9254;
8744;
2339;
10980;
8419;
9955;
15421;
10630;
9164;
7814;
13274;
14029;
3271;
1084;
12405;
6168;
6853;
7880;
7735;
4193;
11167;
8059;
12916;
9645;
7486;
12448;
3098;
4511;
4086;
5746;
4670;
5416;
7330;
2275;
1487;
9047;
13662;
12200;
3349;
3932;
10256;
11086;
3204;
1252;
12868;
8569;
1021;
7861;
7684;
4334;
7101;
2161;
14602;
6479;
8713;
11858;
1838;
2837;
902;
12016;
2043;
651;
3001;
13513;
7445;
13755;
15092;
10556;
10881;
5026;
10424;
9959;
228;
7156;
8888;
13225;
14807;
4148;
15461;
7189;
5197;
5496;
3156;
5288;
6515;
14112;
13737;
1249;
5091;
12406;
8173;
3404;
6690;
12387;
5379;
9260;
534;
7168;
1011;
6973;
11664;
10870;
3630;
2003;
14096;
4779;
5452;
4771;
10447;
2626;
12900;
15489;
9054;
10257;
10900;
12034;
8147;
3318;
3656;
14006;
3726;
8067;
7640;
14156;
15149;
3863;
11505;
10889;
3555;
12313;
1522;
10407;
12027;
4180;
12169;
13608;
13806;
6355;
840;
8505;
7371;
12071;
2439;
14950;
5552;
8474;
3998;
7794;
8652;
10516;
2153;
88;
5191;
15477;
12612;
9526;
7903;
4551;
3424;
366;
1080;
8073;
3162;
4456;
10688;
12763;
101;
2888;
4923;
7353;
10939;
15496;
8637;
7053;
9998;
9636;
10465;
9681;
3748;
8858;
2670;
5873;
11919;
2455;
9922;
3648;
2975;
11604;
12213;
13067;
3282;
6043;
1190;
4544;
5163;
9927;
3949;
11133;
2185;
13593;
6714;
13277;
13753;
15458;
13250;
3939;
13244;
7745;
2588;
13855;
5405;
5803;
4197;
13532;
9313;
1741;
6427;
14711;
14384;
8128;
1093;
8753;
2674;
696;
9029;
2793;
6533;
12692;
8262;
2623;
13969;
15419;
6271;
10362;
417;
9910;
9717;
14853;
6364;
7615;
5442;
5861;
744;
2036;
9965;
3753;
3227;
9334;
12619;
15003;
10635;
11821;
4940;
5147;
4713;
6936;
11531;
4661;
4570;
1595;
10247;
13735;
5071;
2679;
14103;
3191;
10605;
12081;
788;
11429;
1695;
8168;
2377;
4383;
13766;
14593;
11303;
12214;
10549;
563;
10627;
3910;
3374;
15314;
7345;
8827;
2317;
7244;
5665;
9566;
15377;
6971;
5054;
8890;
3933;
11340;
4269;
6673;
8121;
2590;
1932;
3717;
2457;
3551;
10345;
14009;
14321;
7839;
9202;
14499;
1913;
846;
8702;
10781;
9900;
5643;
11421;
14146;
6647;
2263;
2593;
7952;
4024;
14222;
10364;
3716;
18;
10198;
4555;
4671;
5910;
13273;
7336;
11880;
8300;
9918;
10330;
7403;
8478;
2291;
2469;
8735;
11152;
5801;
7188;
4694;
6367;
6831;
13829;
5507;
5361;
15581;
2533;
7946;
13545;
1612;
5558;
12626;
9935;
1000;
2068;
9742;
8292;
624;
4424;
5230;
11085;
10240;
2747;
5896;
2403;
5448;
6536;
460;
2518;
12036;
15567;
5588;
9537;
8368;
4063;
13850;
14416;
5330;
7996;
10281;
12546;
5031;
9445;
1055;
9963;
2838;
14406;
3400;
5124;
5114;
12814;
5481;
13671;
14875;
9644;
6359;
4138;
11442;
12532;
8757;
14886;
11331;
7551;
11036;
9215;
8332;
1480;
7088;
495;
15320;
1274;
12182;
10740;
15187;
9727;
15050;
6064;
391;
13672;
14443;
931;
10654;
3536;
9326;
1302;
5273;
76;
8273;
2574;
10071;
11459;
13990;
15057;
10932;
9616;
10488;
7253;
9291;
10789;
8493;
13440;
12491;
516;
8086;
2372;
13636;
9535;
3860;
13805;
8232;
6586;
12542;
2636;
7115;
570;
8115;
12442;
12495;
9948;
3203;
10548;
11767;
11136;
11703;
11419;
13847;
3223;
10497;
8100;
6025;
8435;
13943;
7440;
9904;
15379;
4552;
15569;
3900;
15154;
8108;
2089;
12032;
8788;
12651;
2851;
13876;
3698;
3300;
5907;
12408;
993;
7572;
1039;
316;
6002;
7411;
3540;
6730;
823;
2639;
4982;
4899;
6032;
1085;
5946;
7314;
7006;
611;
533;
7374;
9120;
15008;
15439;
5503;
4438;
3777;
7847;
4257;
7352;
11470;
3919;
26;
6186;
1802;
4880;
8165;
3710;
7748;
883;
3348;
13830;
6951;
4152;
6155;
1620;
4277;
15497;
870;
10429;
1718;
7355;
13799;
15550;
15152;
7775;
11635;
12827;
9842;
219;
2468;
10372;
8084;
12078;
6546;
12138;
8531;
13221;
1237;
1042;
14997;
10458;
4548;
8687;
5943;
3245;
13218;
1963;
5685;
13776;
6923;
996;
10547;
13482;
4266;
11151;
8325;
12490;
752;
5722;
14224;
1206;
6184;
1527;
9724;
9522;
12054;
14387;
6794;
10231;
4090;
1313;
13485;
9734;
3963;
11062;
11972;
1986;
1415;
8425;
9863;
9221;
539;
1114;
2591;
11835;
5426;
12563;
5107;
5195;
5267;
3353;
13683;
3667;
2887;
7255;
9514;
2799;
1978;
544;
10317;
8959;
10765;
14178;
9055;
8297;
1240;
442;
10163;
13188;
13491;
392;
14865;
10992;
2621;
1256;
3451;
2044;
9356;
4723;
12400;
3243;
10919;
1709;
9076;
2340;
4443;
2121;
7525;
6146;
8962;
10214;
2219;
7677;
3521;
762;
14138;
13044;
6897;
2246;
3874;
2299;
15283;
5687;
12950;
12996;
670;
6325;
14988;
28;
13415;
14933;
12771;
4488;
6179;
13825;
6116;
7733;
1531;
8804;
8176;
5765;
6240;
597;
1222;
3177;
12188;
6403;
8752;
3940;
7433;
1333;
1847;
668;
5487;
13556;
312;
2858;
1353;
9351;
9289;
9189;
9377;
8026;
8161;
2698;
9140;
1953;
1253;
10012;
11439;
6790;
2695;
8241;
10638;
15620;
10273;
314;
5949;
2943;
12842;
2730;
5398;
14822;
7318;
14375;
6363;
3226;
5308;
2697;
3472;
5298;
3324;
13326;
6304;
6429;
8142;
8636;
3755;
11368;
1768;
13818;
1973;
2252;
375;
1656;
6755;
2033;
6370;
242;
7208;
6862;
2113;
10801;
7058;
11411;
14453;
1793;
3000;
3999;
13008;
9245;
1901;
13819;
2603;
864;
12380;
14244;
1881;
8933;
289;
13427;
3956;
9105;
1234;
6814;
7299;
12888;
4729;
3180;
7696;
11805;
14962;
13299;
3081;
13118;
4600;
4737;
9399;
15621;
1246;
3961;
13358;
2950;
116;
6256;
9884;
15372;
15341;
2631;
5872;
7886;
12697;
13080;
1309;
11641;
11776;
10381;
6098;
2929;
8441;
11135;
5822;
4278;
15441;
11216;
6388;
1927;
5761;
11156;
5606;
1588;
3893;
10622;
2357;
11448;
8355;
7639;
5339;
7191;
6940;
9455;
7728;
11617;
3732;
2503;
10861;
6813;
2836;
13958;
14713;
3594;
5842;
7788;
6707;
7313;
5420;
7237;
4754;
594;
1443;
3077;
2144;
7882;
2011;
9225;
11130;
14626;
13632;
7134;
13846;
8762;
809;
7544;
10901;
4136;
3369;
10466;
4046;
9295;
4166;
12267;
676;
7170;
7925;
2029;
12529;
5833;
10098;
1539;
4943;
2552;
8294;
8785;
6052;
9770;
6458;
6051;
3499;
14689;
15169;
9720;
10835;
5135;
5010;
11828;
12039;
9807;
4623;
4822;
5495;
4612;
2087;
11240;
14718;
8781;
14049;
4710;
10099;
12362;
9826;
13925;
3277;
1160;
8365;
11916;
3267;
15602;
4997;
5587;
11539;
413;
5690;
11270;
8751;
12691;
6250;
8269;
759;
12847;
5563;
6176;
13637;
9368;
11217;
13130;
6877;
13405;
3629;
11737;
14716;
9181;
2140;
15435;
3649;
8160;
6667;
4588;
9145;
4133;
481;
6252;
8265;
3906;
4233;
1334;
11727;
5818;
14183;
2319;
12891;
11542;
2120;
14060;
13639;
12511;
8885;
7308;
14736;
2638;
9518;
12241;
14680;
10419;
7594;
11526;
13893;
12256;
8514;
7948;
12976;
6345;
3947;
10274;
12843;
3236;
2158;
11023;
1104;
12813;
2983;
13444;
6828;
12070;
12709;
3166;
12637;
9544;
4540;
9914;
1833;
13126;
4432;
10723;
9173;
6879;
7913;
583;
10754;
5287;
3492;
774;
13909;
11336;
10877;
7409;
9128;
9772;
2307;
11989;
14180;
13179;
4648;
9726;
12953;
15014;
4361;
2704;
553;
11889;
7717;
11268;
5111;
14899;
12209;
9621;
3689;
6843;
1337;
13979;
8293;
13121;
15190;
5697;
2393;
5551;
2150;
11288;
5391;
10966;
11574;
10628;
7501;
14890;
14621;
6679;
9606;
10018;
385;
12317;
2683;
1419;
1516;
7448;
11861;
12865;
4971;
12337;
4965;
4608;
13587;
3798;
7644;
3718;
85;
14954;
2802;
8351;
6930;
1071;
15307;
7487;
12439;
9781;
7239;
6902;
12579;
10673;
7990;
4147;
3382;
14881;
6399;
12264;
2314;
7869;
1402;
11374;
11904;
12743;
9461;
14434;
10192;
3681;
11287;
4288;
8229;
720;
132;
9479;
15162;
8488;
7274;
9957;
14265;
2441;
7776;
951;
11296;
1187;
14686;
95;
13976;
2706;
7470;
14299;
7408;
3894;
1052;
4205;
13357;
396;
11561;
11582;
3724;
2650;
13744;
3607;
5296;
3903;
39;
3054;
12991;
12918;
7338;
12358;
11712;
14909;
14326;
6911;
3545;
7777;
4666;
8270;
15236;
592;
3450;
479;
1934;
7111;
15325;
6678;
3664;
5658;
11951;
12782;
10158;
10727;
2379;
12221;
7752;
4546;
14857;
5809;
11965;
14129;
13867;
11254;
1426;
5574;
3026;
3886;
10323;
3907;
8118;
124;
956;
7251;
3473;
1058;
8940;
4727;
1265;
10103;
2074;
13821;
13004;
2197;
3264;
6457;
6128;
1967;
3986;
12238;
447;
2063;
7804;
15350;
9392;
9126;
1926;
11506;
11717;
15676;
11772;
9223;
9217;
6585;
8987;
3143;
13652;
11454;
12550;
8275;
3945;
11431;
10776;
10070;
13703;
6822;
3190;
5958;
1782;
4095;
13387;
2640;
9379;
5364;
8957;
10094;
6641;
4549;
14501;
5730;
4475;
5489;
8587;
13271;
8806;
11098;
14889;
13947;
7541;
13272;
3830;
3425;
5747;
1352;
12666;
10979;
9679;
10559;
10991;
15513;
14878;
12288;
10177;
1067;
9009;
9868;
4763;
1787;
10536;
8692;
110;
10820;
11803;
9388;
15338;
10811;
13053;
12870;
6117;
8699;
10271;
8603;
11246;
6097;
14877;
13384;
8985;
10068;
6450;
10553;
7337;
4583;
2090;
3111;
14643;
2865;
1069;
1562;
7059;
3524;
7401;
1944;
13152;
761;
15456;
3330;
9934;
367;
3644;
4715;
11016;
6763;
12239;
13154;
3281;
14386;
13141;
989;
1014;
10661;
11978;
13680;
13350;
9300;
3;
15282;
15409;
15664;
9462;
3895;
573;
6321;
3781;
9602;
15518;
1696;
280;
2555;
7838;
8557;
174;
11760;
3866;
6211;
1383;
719;
12797;
7650;
7261;
8939;
7503;
13378;
4776;
1904;
12225;
13293;
14221;
757;
10476;
5918;
736;
82;
302;
10769;
6332;
4927;
5326;
5823;
6138;
2996;
13506;
14615;
13084;
6985;
1513;
5005;
9997;
6925;
2014;
11104;
14629;
9331;
13541;
10531;
13831;
9675;
8750;
4125;
8412;
10517;
2175;
12447;
7856;
14705;
14912;
3057;
3068;
13529;
5536;
2839;
7125;
5659;
13570;
3367;
15239;
2506;
9249;
14549;
7808;
5188;
8720;
3803;
9632;
5139;
930;
5682;
14235;
14682;
11204;
15042;
13100;
11174;
4483;
9754;
4142;
7076;
11897;
3458;
8328;
2507;
12530;
3376;
13246;
7999;
6441;
9141;
8153;
10946;
250;
10621;
1350;
5480;
13457;
4394;
15034;
10237;
10049;
3475;
13394;
346;
7790;
7136;
5912;
3354;
5490;
13863;
7382;
1592;
545;
7977;
12788;
12334;
14065;
5535;
13982;
11550;
11489;
244;
14601;
13268;
1624;
5127;
1019;
14233;
5527;
9787;
6555;
6372;
13638;
7746;
8570;
10926;
10752;
12960;
2383;
8500;
7173;
1883;
14287;
13964;
11482;
4256;
4504;
2994;
3779;
13327;
10230;
7140;
6383;
8402;
15076;
2415;
9473;
2693;
7812;
866;
12753;
3018;
7537;
13734;
11143;
8040;
3037;
7149;
9848;
7049;
5610;
12244;
7931;
14229;
4704;
13977;
3831;
14186;
8431;
11364;
7042;
15032;
12173;
10587;
15054;
3934;
12259;
6624;
4198;
7389;
12886;
11892;
10440;
14045;
5795;
6726;
15406;
5974;
1122;
7357;
14673;
4352;
3975;
10398;
1156;
5666;
15109;
10036;
9400;
14495;
13602;
14260;
1534;
2437;
5729;
11834;
12177;
4526;
1202;
2418;
2792;
14512;
12601;
5422;
3446;
9178;
8074;
15345;
7840;
1528;
12022;
10130;
12059;
7365;
4232;
11990;
833;
10832;
3612;
9878;
13953;
15343;
3736;
3848;
9626;
11234;
8473;
13681;
1652;
4293;
3683;
10853;
7068;
14319;
7289;
10453;
15067;
1363;
8310;
10848;
3076;
9917;
15666;
6689;
6929;
1894;
5446;
24;
6574;
11198;
4094;
15112;
2564;
7587;
5130;
6558;
8125;
490;
8633;
9751;
15229;
13040;
13097;
1707;
6005;
13116;
2661;
14545;
15483;
7250;
8646;
7142;
15565;
6529;
4175;
13725;
7557;
1186;
3962;
7240;
9036;
2385;
10598;
5627;
7959;
14070;
666;
8366;
3880;
771;
2855;
9547;
1598;
2906;
14996;
13475;
10922;
3902;
5726;
2129;
942;
1936;
14088;
11877;
15672;
10052;
15245;
3967;
9093;
12672;
12554;
2293;
6352;
10741;
15635;
4863;
10984;
13403;
7439;
5534;
14374;
15671;
7343;
2875;
9024;
7500;
10534;
9302;
1024;
2853;
3174;
2281;
4338;
6338;
9501;
5788;
3466;
9102;
14066;
8555;
7600;
11293;
2559;
8202;
6810;
14616;
8645;
9650;
15212;
218;
262;
1283;
12216;
11413;
2381;
8221;
12949;
6438;
620;
3292;
8035;
162;
3972;
4553;
10437;
8079;
8524;
5630;
13112;
2987;
1269;
12957;
3899;
29;
12299;
3770;
820;
9510;
4859;
9048;
8742;
3562;
5401;
4112;
12657;
2812;
10687;
7154;
6026;
15244;
9372;
8666;
14527;
9685;
639;
11722;
4676;
1016;
6802;
9314;
11218;
2324;
9270;
7534;
15113;
12219;
4695;
9089;
5501;
12006;
6630;
3617;
2647;
10211;
9166;
12179;
9154;
1700;
10995;
15158;
2629;
11786;
12492;
10233;
1005;
13845;
9752;
12436;
14749;
357;
5798;
2690;
2525;
2981;
11577;
203;
3285;
6331;
7499;
2910;
208;
5516;
7321;
9258;
10490;
10846;
5307;
11180;
7392;
14141;
12277;
6006;
5465;
5443;
4296;
3431;
13280;
9010;
8825;
14860;
5508;
3011;
4621;
3170;
394;
7362;
11491;
3546;
8042;
4052;
5709;
14625;
501;
13538;
14424;
1938;
19;
3705;
13303;
15399;
3519;
13673;
10282;
6102;
7646;
10255;
15131;
8249;
6260;
13972;
3361;
15323;
10819;
12285;
13563;
855;
14670;
11242;
892;
10961;
330;
7180;
946;
14789;
7984;
1658;
4337;
8627;
3600;
7591;
9703;
14454;
11910;
486;
13728;
3097;
1044;
12881;
13918;
4059;
3502;
2777;
13389;
11161;
10792;
6804;
13087;
3829;
1298;
4437;
7723;
11484;
1736;
13796;
15010;
929;
4040;
13754;
11820;
1144;
6614;
1666;
3183;
6010;
9771;
5196;
8854;
2427;
9570;
10738;
15021;
837;
13494;
12722;
6407;
10500;
5894;
11057;
11120;
2421;
11769;
13402;
15369;
150;
4362;
15039;
11554;
14273;
13424;
5763;
14462;
6024;
8005;
13934;
746;
12981;
5384;
10921;
8721;
6344;
9740;
2824;
14900;
9961;
13774;
14007;
3542;
14293;
10040;
14474;
11176;
13564;
15261;
5133;
14266;
13552;
2842;
5543;
1861;
4206;
12733;
3865;
5993;
4347;
8519;
14994;
11893;
1780;
4124;
11412;
7124;
15530;
6216;
5745;
529;
3214;
11277;
5059;
14226;
1448;
8841;
7718;
5259;
12204;
13025;
6353;
12765;
11827;
15645;
7762;
12268;
2261;
12473;
7824;
4360;
8747;
1373;
13800;
4084;
2221;
13921;
741;
1591;
5903;
9718;
2702;
1344;
9211;
3704;
15340;
7349;
13092;
6905;
4459;
13125;
10650;
14904;
10576;
5772;
8463;
6100;
2018;
14390;
12726;
1956;
9531;
1937;
271;
2694;
11444;
1817;
7032;
3299;
7122;
4495;
2226;
8077;
12309;
3417;
2963;
3322;
11753;
10011;
8342;
11239;
10956;
14529;
153;
7224;
14668;
10909;
12096;
12111;
5062;
14612;
5301;
11606;
8385;
10681;
7955;
7102;
11312;
628;
5931;
4759;
12141;
714;
6083;
2052;
2432;
14995;
269;
12592;
2722;
8782;
6513;
8284;
11056;
3783;
10347;
9519;
7035;
8819;
939;
3383;
4169;
11770;
12324;
10763;
3164;
14081;
8824;
5007;
9124;
2101;
3719;
1138;
393;
13884;
96;
8577;
12031;
3789;
7585;
12590;
1139;
10888;
10246;
2879;
14283;
3017;
7181;
8737;
7378;
13138;
4783;
14364;
7538;
5549;
14487;
1689;
13978;
3395;
11959;
3075;
3365;
10902;
3841;
14511;
204;
12783;
9006;
282;
13282;
15064;
14552;
5704;
6634;
5771;
4886;
15292;
4469;
6115;
8136;
4537;
1147;
14674;
2461;
8437;
1113;
10674;
7481;
11238;
6552;
410;
1977;
9871;
10238;
4037;
13899;
12291;
6142;
3041;
11037;
10669;
9576;
457;
2825;
10586;
6106;
9991;
2859;
15237;
1171;
3766;
13956;
1073;
8511;
2687;
14172;
4576;
3217;
11395;
3554;
11839;
4014;
14792;
13554;
7823;
7799;
10411;
1465;
2173;
9656;
9409;
261;
1030;
3321;
287;
3422;
13023;
13120;
12879;
1794;
5417;
14841;
4341;
4814;
13981;
13967;
2512;
11091;
163;
10808;
8134;
5945;
3460;
15506;
5356;
12851;
1317;
2817;
6094;
12955;
6122;
9757;
6378;
14902;
11011;
5991;
13559;
12470;
10072;
1568;
3428;
4423;
8377;
13182;
4533;
4076;
8092;
14305;
9692;
11572;
4955;
5346;
12336;
937;
15095;
4450;
7771;
8977;
4768;
6190;
12680;
12862;
13122;
12535;
4795;
2162;
9516;
2505;
3110;
13518;
10953;
9436;
9420;
6567;
2009;
1053;
4573;
2241;
7473;
10135;
273;
9835;
6722;
7842;
4002;
10165;
10117;
9784;
6413;
9637;
8405;
6773;
12045;
7588;
8632;
11208;
2181;
12572;
9312;
9273;
13420;
9198;
15223;
15444;
3558;
69;
6729;
10092;
908;
11285;
3406;
11233;
6499;
1864;
935;
11294;
664;
14332;
12065;
6557;
8843;
12272;
12686;
9958;
15627;
9668;
3192;
10777;
11540;
7060;
2529;
216;
2962;
12824;
9194;
6354;
1678;
8327;
6389;
15614;
9026;
3548;
2174;
2323;
11648;
2828;
1045;
2546;
1423;
14038;
4660;
12155;
13665;
7994;
8716;
1429;
9608;
4104;
7084;
12050;
4271;
11890;
6447;
4750;
7624;
4039;
9577;
8039;
1626;
7284;
906;
5454;
3405;
12974;
9038;
4320;
5511;
11380;
7096;
12117;
3008;
2215;
7179;
4324;
4507;
9349;
6107;
11258;
8004;
3126;
2510;
15180;
70;
13524;
5278;
1173;
5382;
12857;
4634;
5706;
8116;
11686;
6312;
3948;
14983;
5029;
14693;
7212;
4224;
11984;
14205;
4091;
6524;
2363;
13329;
10486;
12673;
7508;
11906;
10746;
15294;
4560;
8188;
14755;
11126;
5791;
1643;
9814;
5435;
11423;
5469;
10360;
13804;
10594;
6224;
8793;
734;
12477;
6824;
14818;
962;
8620;
6958;
894;
7704;
9281;
921;
3952;
10016;
11598;
978;
7732;
8408;
7738;
12008;
14645;
9064;
8137;
14204;
2740;
9451;
11940;
13623;
6045;
5153;
8246;
7780;
7026;
15285;
248;
3261;
5568;
5409;
14110;
11885;
9004;
9944;
7087;
15405;
1940;
732;
4431;
2154;
11201;
8951;
2608;
6660;
11931;
1662;
1170;
3824;
14316;
2304;
14288;
5232;
13537;
14815;
222;
3582;
2924;
10472;
11679;
10855;
7711;
7460;
11377;
13334;
9113;
4756;
10545;
15499;
5220;
3515;
970;
13989;
4657;
11245;
2566;
3557;
14938;
3012;
9177;
8575;
5211;
2785;
10842;
15129;
15278;
7226;
2754;
5821;
14338;
800;
12112;
5213;
4584;
9648;
5870;
3338;
9925;
3788;
11237;
13624;
6126;
15548;
13843;
11573;
6421;
3325;
5040;
308;
10051;
1436;
4254;
2277;
7223;
11626;
470;
4451;
4517;
15196;
10430;
13938;
8434;
15198;
13045;
1642;
7146;
10510;
7083;
2266;
14797;
4038;
8466;
8057;
10229;
8338;
13562;
10062;
607;
5611;
6665;
2847;
1318;
15201;
5310;
14403;
15264;
3896;
7435;
13865;
2921;
11061;
9558;
9919;
4465;
7463;
13191;
15052;
414;
8102;
737;
10147;
6695;
11445;
12330;
4455;
13296;
8565;
4314;
4847;
1301;
13941;
1364;
14427;
13354;
8745;
1331;
11975;
6313;
4665;
10976;
11158;
10611;
3410;
7805;
3398;
5785;
7634;
2731;
2495;
5092;
8016;
6553;
10301;
4647;
10847;
4515;
9414;
11662;
9276;
10441;
14871;
3911;
7580;
1997;
1730;
9210;
3960;
5319;
8442;
2273;
15393;
1832;
14360;
11580;
13760;
3257;
6165;
9162;
867;
14604;
2126;
1033;
702;
4925;
419;
13047;
165;
3215;
8907;
15478;
4630;
12720;
112;
6020;
5824;
5400;
5244;
14331;
9475;
2169;
8010;
1177;
11849;
9899;
841;
11284;
2999;
7001;
9132;
1407;
4580;
3864;
12926;
4844;
11259;
10750;
13928;
12931;
3564;
13198;
7710;
14579;
10146;
601;
1711;
197;
347;
4617;
6728;
7852;
14647;
7379;
10137;
7293;
6835;
580;
4672;
9417;
6046;
9112;
8104;
11497;
8706;
13707;
4042;
4492;
10379;
7966;
12748;
13032;
6177;
4793;
11295;
5241;
3928;
1158;
3147;
7719;
6826;
14775;
5085;
1579;
5388;
14167;
13626;
10300;
11333;
1515;
15678;
11616;
10174;
1559;
1060;
10469;
2551;
8417;
9246;
7109;
4290;
546;
4077;
9247;
14028;
12130;
9762;
14279;
14447;
12555;
5723;
724;
11031;
3096;
13201;
4659;
11832;
6048;
8308;
4528;
7123;
13131;
3730;
10743;
321;
579;
3320;
11223;
3651;
6633;
7960;
12761;
11969;
1477;
15519;
8076;
11348;
1525;
3286;
7998;
7395;
3185;
13189;
6078;
8551;
2500;
3929;
7618;
12944;
11375;
9447;
10878;
14652;
13203;
12573;
6798;
13948;
11886;
7174;
1906;
9524;
11070;
13584;
12352;
14866;
15505;
12984;
2797;
12787;
12205;
893;
14635;
5553;
7126;
13236;
15022;
12121;
14974;
13963;
10253;
8790;
14343;
10693;
4011;
15035;
10999;
8045;
12909;
5433;
2320;
11610;
1887;
9407;
15167;
8445;
15527;
8934;
1057;
10234;
3194;
8995;
3632;
3578;
7575;
11183;
8286;
6401;
6341;
2349;
8267;
13462;
3121;
783;
369;
964;
6149;
10582;
566;
15100;
7347;
768;
9123;
12129;
10355;
2509;
14005;
1377;
6507;
7558;
8902;
4867;
11203;
13616;
9214;
34;
8508;
5389;
4936;
3391;
11488;
9975;
8127;
3142;
3246;
5370;
10435;
7119;
14247;
10187;
9841;
12196;
14555;
10666;
4983;
2938;
13520;
6944;
14043;
15395;
7288;
8835;
2826;
1162;
7396;
10655;
3826;
12308;
585;
11655;
3677;
5590;
11399;
532;
12049;
3161;
5926;
8056;
7491;
4802;
7329;
104;
1135;
6140;
11025;
10314;
5849;
2864;
12421;
12943;
8018;
12072;
3799;
3884;
13528;
15108;
13333;
4582;
8882;
11319;
1750;
10644;
468;
9844;
4539;
13879;
568;
9882;
8833;
12586;
1891;
13052;
4001;
5352;
7865;
475;
12762;
5194;
14411;
213;
1304;
9188;
10618;
3104;
1868;
1161;
5204;
11042;
6425;
2325;
2709;
14578;
9075;
2526;
5216;
13496;
5951;
13264;
2497;
3027;
8372;
9599;
11494;
10923;
4201;
9502;
2487;
4785;
5403;
4892;
6861;
14230;
6571;
5710;
5998;
1356;
4303;
8936;
5084;
3609;
8072;
12098;
11593;
5313;
1651;
8075;
10153;
12433;
3150;
6350;
5321;
4309;
5260;
178;
1461;
11778;
11162;
8875;
2903;
10026;
4985;
9953;
3771;
12493;
7947;
13954;
3957;
11566;
4327;
822;
1719;
13349;
11663;
1232;
5634;
9078;
5976;
4749;
4933;
11601;
7064;
2784;
5429;
11140;
4881;
1860;
14832;
5900;
13322;
9444;
1917;
5479;
11683;
8170;
9532;
14087;
5257;
9363;
7245;
6770;
11326;
3818;
7236;
9600;
13968;
7120;
7218;
10272;
13231;
11836;
5959;
6042;
6573;
149;
8791;
7706;
6087;
9677;
7784;
7492;
487;
9358;
1424;
6309;
8482;
3571;
2479;
13071;
12971;
4096;
15026;
8853;
595;
12033;
3357;
10716;
15511;
14603;
2099;
6780;
7900;
8429;
8921;
15065;
9186;
1659;
5280;
13341;
2750;
11020;
12048;
11915;
5169;
10859;
6232;
15097;
3606;
2139;
6182;
3355;
12670;
2502;
12386;
379;
4031;
6896;
7375;
7956;
7555;
1751;
15033;
13421;
10067;
12409;
960;
7527;
1618;
11149;
3530;
2739;
7846;
10480;
14073;
13946;
7791;
11823;
10207;
10597;
6496;
3116;
15267;
4728;
11229;
1604;
3205;
13385;
6995;
5415;
13001;
1072;
6314;
1880;
14085;
11468;
5499;
11087;
882;
5716;
6554;
6967;
8535;
6226;
11758;
8860;
8545;
7213;
10208;
15024;
361;
5410;
884;
235;
10212;
14843;
6938;
7144;
7163;
5445;
8772;
7327;
15414;
8119;
8728;
13062;
336;
9071;
3676;
662;
7822;
15651;
5047;
2659;
3445;
405;
6846;
2620;
1660;
14660;
1473;
8581;
953;
1133;
8677;
2568;
10749;
14213;
9328;
5110;
3561;
6343;
3249;
11869;
14426;
11620;
8923;
11219;
10161;
10007;
14369;
272;
13674;
9468;
715;
2069;
2136;
13031;
6090;
1411;
2543;
11947;
14840;
10191;
12385;
9851;
5513;
4959;
13150;
15655;
12486;
344;
11122;
14916;
11884;
14880;
10096;
2481;
15571;
1335;
1468;
2494;
14724;
653;
576;
15557;
1418;
12510;
3778;
4122;
14951;
12737;
10470;
2145;
6757;
7661;
14706;
5444;
500;
12524;
11859;
15540;
7612;
7358;
5826;
2227;
7494;
13472;
12732;
1401;
848;
12630;
3059;
13074;
14644;
683;
10705;
6700;
1761;
7415;
189;
1366;
8307;
11501;
13102;
7876;
6791;
12224;
12584;
234;
13812;
1440;
7850;
10652;
6310;
6073;
2930;
541;
2160;
9391;
5792;
9702;
1740;
6684;
1759;
14649;
12463;
6339;
4918;
12589;
15559;
5438;
3263;
7366;
13460;
12988;
874;
12290;
1306;
14061;
14027;
9611;
6562;
4747;
2715;
7672;
3167;
9802;
12674;
15445;
2012;
3058;
12611;
14472;
5740;
8354;
1509;
2724;
14942;
3384;
14357;
15183;
13265;
11517;
8196;
1432;
7871;
1197;
9375;
15424;
14856;
1885;
2442;
6096;
8123;
5464;
6672;
1164;
3065;
6837;
14849;
2408;
3241;
7862;
13510;
11609;
2805;
3414;
725;
2138;
14746;
8857;
11047;
1912;
5964;
10858;
5891;
918;
5002;
13912;
12853;
9768;
9615;
15195;
3765;
14358;
10042;
9207;
5749;
4368;
6233;
10478;
9386;
11917;
8729;
12922;
11360;
7016;
6408;
12348;
13961;
12544;
14991;
8981;
13279;
14339;
12804;
15256;
4005;
7073;
7768;
9926;
13172;
3377;
4898;
7178;
9511;
12505;
11725;
11466;
365;
6732;
838;
10204;
9114;
2600;
13694;
13180;
10676;
596;
6579;
10760;
5799;
14161;
12150;
9506;
10095;
13738;
6587;
6351;
8685;
10401;
2782;
8903;
12144;
13072;
12574;
6825;
526;
6199;
2830;
6275;
12269;
1416;
1831;
5521;
9426;
4598;
6195;
3323;
3930;
14370;
12727;
3482;
10456;
5502;
2098;
2198;
1664;
12997;
9735;
3015;
8682;
14697;
8219;
15658;
8727;
12501;
1508;
12212;
1499;
5982;
12300;
10396;
3255;
7045;
8588;
1495;
8424;
13719;
15291;
6000;
12175;
2334;
15280;
4350;
3373;
10590;
12273;
13186;
498;
9109;
681;
13945;
10657;
2075;
11344;
434;
7228;
782;
10003;
6947;
769;
15594;
14395;
4883;
7004;
5514;
9282;
9729;
528;
5237;
3481;
15661;
4419;
12058;
7423;
517;
11372;
10059;
1062;
10958;
4115;
10206;
13368;
14024;
7348;
1027;
15255;
210;
10063;
8025;
12751;
12116;
15231;
12811;
8087;
3802;
2220;
9464;
5859;
12353;
1239;
11117;
9213;
14431;
6535;
10570;
11182;
8532;
15516;
6063;
5916;
10150;
606;
6201;
175;
10803;
8773;
13149;
2183;
7108;
3624;
6980;
9942;
5504;
92;
9905;
1732;
5790;
11560;
9;
12624;
5720;
4045;
12461;
15240;
2549;
15378;
13458;
12388;
11446;
12415;
10875;
2222;
1347;
12499;
9498;
8208;
15328;
5158;
7648;
8979;
3786;
11214;
13765;
12968;
5638;
4221;
15457;
15434;
15525;
8126;
11945;
3924;
454;
15104;
12565;
5224;
14930;
7986;
3089;
4561;
10304;
11366;
11731;
6538;
692;
8847;
9321;
12663;
4499;
3708;
15290;
5769;
8400;
15324;
3189;
3800;
9788;
3752;
2531;
6086;
13477;
7275;
705;
9323;
9743;
7195;
10698;
4633;
1012;
3115;
14664;
8594;
4117;
3496;
5120;
10122;
13066;
7965;
7908;
171;
11747;
8110;
10366;
14083;
12707;
6295;
13082;
15274;
10227;
7810;
15041;
8546;
11160;
6288;
1462;
13860;
634;
4055;
7754;
443;
13603;
12599;
8457;
1580;
12077;
12074;
15455;
645;
5333;
8999;
2312;
5076;
3159;
2292;
10735;
13894;
10537;
7969;
13763;
12392;
5567;
2424;
2911;
1305;
3978;
2990;
14074;
2594;
1540;
11347;
11171;
13242;
2544;
812;
7319;
5776;
9839;
12989;
47;
9956;
15344;
9294;
9572;
7342;
655;
12778;
15005;
12741;
14542;
2433;
6050;
8922;
15084;
9696;
10718;
8223;
10030;
13070;
12371;
3337;
5460;
1621;
3875;
10408;
2438;
1330;
5600;
15597;
3856;
4489;
8769;
14836;
9324;
673;
11405;
9079;
6161;
5140;
13988;
53;
9708;
268;
1498;
15448;
12007;
12444;
7086;
14850;
161;
11422;
758;
9517;
14520;
7848;
5;
5983;
1286;
11553;
5183;
3048;
6459;
7038;
9222;
3040;
13886;
11108;
7050;
3703;
8404;
1254;
10796;
2703;
6627;
5039;
6563;
7254;
7506;
9805;
3225;
6249;
15013;
6628;
10602;
209;
10736;
12426;
7489;
11299;
364;
339;
5034;
6371;
14921;
12644;
14801;
11055;
2499;
13057;
9121;
14833;
6227;
11950;
13177;
650;
6998;
1454;
6215;
2737;
844;
4292;
1086;
14774;
6820;
9756;
15480;
11209;
6035;
476;
4712;
947;
9913;
13521;
2878;
9371;
6375;
9810;
4557;
1118;
4613;
13771;
8691;
8561;
12377;
14023;
4137;
1760;
992;
6534;
4044;
5880;
14008;
4301;
10813;
9902;
13003;
8440;
15080;
3186;
15427;
792;
1922;
8252;
14894;
11378;
3234;
15296;
11571;
2262;
8765;
15157;
10457;
6387;
15619;
6937;
4134;
11681;
10443;
7466;
1867;
5292;
4646;
5719;
3767;
12798;
3399;
14017;
4654;
6091;
10422;
12571;
41;
14508;
13263;
13377;
5929;
821;
3122;
14987;
10168;
1602;
8276;
6467;
8754;
10032;
10213;
6716;
8279;
941;
13194;
15384;
15189;
14485;
1451;
3385;
14047;
15491;
10511;
1959;
13283;
4414;
1558;
3981;
15586;
12410;
15243;
12964;
12749;
11101;
13869;
6643;
12962;
1189;
3465;
15682;
6734;
9894;
5681;
11968;
10971;
14113;
1010;
2420;
2389;
9633;
6187;
13295;
7324;
7533;
1639;
13597;
11401;
6742;
5101;
8889;
8965;
10513;
4372;
4519;
11330;
1723;
2445;
11148;
4890;
13216;
3114;
11583;
12479;
9428;
5058;
13842;
13135;
5303;
8634;
8509;
11948;
13920;
7438;
9528;
3744;
5622;
4454;
6210;
8295;
816;
