9263;
15234;
12330;
14206;
5008;
7261;
976;
12660;
15411;
13423;
12099;
6550;
4361;
568;
10770;
6042;
9109;
13064;
5948;
13644;
15665;
5373;
1447;
5920;
10198;
9858;
8818;
2583;
4674;
2650;
1380;
7348;
11689;
14027;
7111;
11688;
10530;
2606;
3979;
8640;
9068;
3753;
14124;
8613;
13732;
1303;
1557;
3539;
6153;
6936;
14945;
10437;
1400;
15382;
11987;
9787;
5578;
3810;
12142;
5054;
1164;
6251;
5668;
9823;
4470;
850;
2808;
13033;
6359;
7163;
8426;
8520;
14156;
10943;
1394;
13825;
12574;
5254;
10719;
9971;
12713;
6789;
11906;
10820;
1234;
5850;
1270;
12324;
7980;
6447;
172;
14885;
5726;
8776;
2668;
5375;
443;
6013;
2715;
7653;
2801;
12696;
12258;
7918;
2694;
7721;
2066;
3715;
12035;
3969;
1436;
9129;
11207;
8322;
5379;
1559;
1779;
13894;
2195;
352;
12222;
8868;
3822;
4107;
9505;
8783;
15251;
1617;
9435;
1659;
15174;
322;
9528;
5330;
13683;
15145;
3670;
41;
1641;
11563;
11243;
7709;
9175;
9021;
10169;
239;
4982;
1347;
15327;
6621;
2472;
12018;
5596;
5825;
666;
278;
2969;
14096;
12289;
159;
6;
15148;
7862;
3789;
1852;
11035;
14547;
4541;
6486;
13726;
14569;
4229;
6151;
12378;
12743;
12388;
3963;
8725;
2191;
13903;
3042;
14212;
6111;
13866;
1411;
185;
3472;
14155;
4706;
12462;
4993;
9572;
10595;
3978;
11285;
5826;
3049;
2561;
8082;
4047;
7552;
3201;
13710;
11784;
5767;
15230;
14502;
12059;
8417;
4130;
5163;
9831;
9542;
13581;
11588;
15659;
11024;
9599;
12091;
5549;
5950;
5855;
1748;
2205;
7017;
10648;
1899;
6269;
738;
9445;
15429;
480;
8882;
6924;
2943;
1165;
1901;
7044;
1959;
9100;
4691;
11483;
1874;
218;
1670;
10179;
14126;
8490;
4622;
3885;
9896;
6471;
6216;
1045;
12603;
11498;
13538;
9506;
6032;
4834;
14743;
8241;
2744;
11701;
11288;
7796;
587;
3095;
6123;
67;
7866;
9262;
1087;
10200;
5205;
5691;
7954;
3018;
14511;
631;
13289;
1514;
97;
9803;
9997;
725;
13227;
2360;
9902;
13179;
8532;
3855;
11386;
3333;
6554;
7001;
896;
12744;
4184;
12610;
1707;
875;
14758;
7921;
7894;
8547;
13600;
5543;
8652;
1842;
12950;
4351;
12708;
5389;
9769;
13005;
12471;
8428;
6802;
1682;
9422;
12704;
4780;
15122;
6351;
3325;
13283;
9739;
8873;
14767;
5797;
9566;
11575;
1511;
8655;
7241;
145;
5339;
2558;
3843;
1434;
15469;
7315;
537;
3968;
13039;
12314;
8354;
7738;
547;
2871;
377;
1381;
14954;
11879;
11425;
7074;
8957;
8841;
5256;
4159;
5632;
14514;
3860;
8984;
3734;
3007;
14915;
781;
12227;
7820;
5500;
13586;
9340;
3211;
9618;
12387;
4007;
3256;
12040;
9313;
8920;
2404;
8779;
6928;
8072;
1006;
1988;
11428;
12165;
6380;
1333;
1898;
1493;
9083;
888;
3624;
10572;
4153;
10812;
6506;
5232;
15193;
4949;
7406;
13626;
12637;
10583;
4322;
1749;
1534;
11162;
12929;
12916;
2345;
10666;
10269;
2543;
7076;
4924;
12112;
10092;
2359;
3839;
1939;
12622;
15273;
15423;
2226;
5665;
6564;
13783;
15631;
14407;
13815;
6925;
6917;
9584;
14792;
1957;
5874;
11895;
10183;
14190;
11891;
9509;
9274;
10160;
1728;
6916;
11423;
12828;
15552;
9793;
12793;
7825;
8045;
5257;
1048;
14245;
6501;
14551;
1904;
7281;
12993;
12550;
4881;
13141;
4600;
5182;
7279;
83;
12456;
5474;
6133;
1178;
10443;
1166;
7993;
13388;
10152;
4733;
9212;
426;
2197;
1710;
1000;
8176;
2315;
328;
10851;
7588;
5036;
5505;
6372;
4719;
839;
34;
10365;
12402;
8294;
11763;
15269;
394;
13999;
9980;
15520;
3600;
10822;
9322;
10661;
15006;
9965;
6757;
13560;
335;
8342;
14232;
9835;
11037;
3960;
9358;
11039;
14387;
2050;
9012;
401;
8799;
7346;
15436;
2161;
13428;
2425;
13501;
11541;
10076;
9363;
12218;
5973;
8519;
9639;
15404;
13603;
2145;
11615;
7283;
7655;
5623;
11579;
13697;
5614;
6184;
4701;
12837;
6504;
10686;
10285;
2093;
11573;
4112;
4994;
6247;
9752;
10272;
9604;
399;
12409;
15236;
13969;
8909;
8797;
5618;
10348;
12668;
10989;
4824;
11634;
10511;
1406;
8528;
12818;
5702;
10606;
15371;
10514;
4699;
5228;
13460;
11748;
4637;
3355;
4792;
3394;
14583;
9188;
303;
9125;
4417;
2600;
4111;
5195;
5633;
5369;
7797;
14068;
4461;
14026;
2198;
10193;
10529;
6121;
13440;
8696;
9540;
4013;
2661;
10371;
5200;
7360;
2238;
5720;
4341;
11647;
6670;
11400;
12583;
272;
4976;
4489;
2347;
10538;
8923;
1564;
7024;
12738;
5023;
13915;
9033;
15355;
7229;
1808;
15453;
6675;
15265;
11878;
3887;
444;
13166;
5597;
223;
1928;
10565;
13301;
1877;
7369;
5820;
5936;
6624;
13952;
10301;
11673;
13021;
9480;
8388;
13314;
9198;
9324;
8986;
1113;
8860;
12639;
9616;
671;
5906;
14633;
11955;
291;
800;
9015;
9638;
14104;
12146;
11604;
6537;
5159;
8052;
9806;
590;
9461;
5585;
8574;
9391;
597;
12678;
6702;
13312;
15661;
65;
5197;
486;
12642;
772;
14469;
13728;
4097;
8404;
4035;
9814;
10228;
12009;
11281;
12285;
5738;
2999;
13205;
4797;
2256;
5372;
5486;
866;
3787;
10841;
6701;
13052;
2149;
9660;
6171;
8612;
15165;
12104;
12626;
9451;
12573;
454;
8319;
9924;
4497;
3259;
8430;
1019;
316;
8653;
1571;
13705;
8620;
13758;
10984;
11877;
10409;
5946;
11124;
5900;
9669;
6054;
14;
5488;
9678;
9764;
9946;
8711;
7246;
15646;
12782;
9481;
6062;
15632;
9416;
6727;
9453;
3198;
2526;
448;
15318;
15307;
2211;
15065;
2996;
1252;
2541;
8766;
484;
13157;
4652;
10218;
11629;
4880;
3650;
2021;
5109;
11547;
3287;
8068;
13607;
258;
3421;
4720;
3329;
12488;
12341;
6747;
14158;
13679;
9853;
9236;
5506;
4140;
10353;
4768;
12110;
701;
2262;
403;
5045;
2766;
14219;
10094;
13277;
6155;
9698;
8369;
15149;
11940;
13547;
10491;
11746;
15572;
9665;
12421;
4236;
11482;
11102;
8085;
12128;
7083;
13895;
3398;
14362;
8504;
7411;
13379;
14213;
7400;
8023;
4800;
13625;
2352;
15170;
14059;
14165;
1919;
11577;
115;
1995;
14021;
2253;
13063;
4404;
1077;
2818;
884;
900;
12638;
3191;
2265;
9926;
7661;
6285;
14342;
5038;
10933;
10625;
7161;
6545;
15306;
11154;
6911;
11376;
11595;
10222;
13010;
14045;
12956;
8879;
5949;
7302;
459;
2836;
5749;
9867;
8125;
12571;
1079;
7415;
6065;
12503;
11141;
11717;
12865;
2511;
8025;
2507;
2861;
1777;
7418;
6383;
13832;
2043;
4935;
694;
7640;
11072;
7380;
12536;
4233;
10602;
13810;
6343;
4549;
14752;
1633;
14025;
1970;
10946;
5570;
4583;
6064;
2947;
4134;
8164;
13535;
479;
1562;
1829;
11237;
12217;
11981;
14816;
6001;
4779;
3869;
10309;
11210;
5434;
1969;
5939;
14585;
12442;
7194;
2259;
1132;
11950;
2880;
224;
1265;
10259;
2384;
2128;
5451;
11591;
10139;
15110;
4551;
12262;
15600;
8010;
4721;
14049;
10898;
6513;
13397;
10145;
1638;
5952;
15130;
13869;
8180;
10544;
7063;
13135;
5095;
10019;
15037;
313;
9575;
12538;
14111;
12118;
5859;
10979;
7109;
1750;
3055;
12869;
8668;
8553;
15654;
3646;
4808;
10708;
12311;
8223;
12842;
5761;
5536;
1196;
13896;
1884;
12895;
8181;
12840;
1862;
8770;
6998;
4628;
7536;
6770;
2341;
11692;
9570;
3206;
3776;
5312;
12740;
4599;
10985;
9119;
7408;
9556;
5319;
9390;
4567;
7831;
9193;
1624;
9140;
3901;
11709;
3866;
6784;
12541;
10496;
11793;
15155;
8946;
2281;
1339;
2976;
7451;
15587;
8494;
6871;
11714;
8370;
7270;
11317;
561;
11051;
3956;
1081;
13980;
9808;
6660;
13612;
3847;
3284;
14720;
8385;
1273;
10363;
15437;
13015;
13914;
1243;
7177;
11199;
17;
12546;
4050;
3317;
13756;
2835;
6320;
240;
6858;
1230;
4462;
8293;
14095;
10999;
9527;
6440;
10802;
11393;
3172;
6300;
3126;
8349;
14499;
824;
2540;
10129;
11057;
10844;
14635;
7521;
12315;
8595;
15508;
6203;
70;
10321;
638;
1591;
6592;
9173;
3498;
9273;
7605;
2524;
7515;
6662;
6452;
12415;
8800;
3060;
7375;
127;
5718;
1539;
11052;
2672;
8609;
9004;
15624;
14876;
11540;
11999;
7979;
2787;
15676;
14616;
6108;
6788;
15450;
11330;
15325;
7627;
2227;
10533;
9535;
8594;
5834;
8638;
10002;
7824;
422;
12716;
2959;
7740;
8842;
1224;
5287;
134;
7673;
14589;
10914;
5040;
2988;
13748;
4906;
12680;
7835;
7919;
3643;
4601;
8598;
2447;
4483;
2549;
1655;
12367;
14926;
9005;
6572;
11419;
8381;
8968;
14786;
9560;
3067;
14249;
1687;
13479;
1666;
11204;
13580;
481;
13193;
1730;
7441;
6258;
13926;
15586;
15563;
6024;
3146;
14090;
6552;
3231;
7850;
11513;
13868;
6292;
14359;
4986;
3149;
12433;
12483;
8243;
8398;
11992;
11388;
3674;
2466;
11383;
10641;
10597;
1726;
14300;
9147;
2397;
10131;
1264;
9668;
9044;
6097;
13469;
3059;
7936;
6339;
5192;
10953;
4862;
1002;
11431;
320;
5481;
11410;
5951;
5133;
12882;
25;
11042;
10025;
10106;
3798;
14018;
7812;
6721;
9287;
6668;
14643;
1442;
3232;
1917;
7402;
11959;
2722;
7659;
3591;
5437;
10033;
15566;
12087;
10291;
3648;
85;
3348;
4731;
15136;
9684;
11081;
14117;
12965;
15055;
10374;
12243;
12212;
2587;
1823;
956;
8970;
4434;
1136;
1838;
10579;
8954;
15301;
13776;
14503;
13026;
13260;
12861;
7189;
373;
12105;
14542;
12371;
12539;
11337;
9028;
236;
1989;
12974;
7020;
11098;
3723;
9782;
14712;
14644;
7660;
3571;
12463;
4562;
9917;
7347;
1667;
6941;
1439;
10095;
12396;
2174;
14655;
5101;
4531;
13627;
5644;
6792;
10554;
13078;
8915;
12690;
6978;
10030;
5153;
10901;
8378;
14539;
2014;
12333;
9112;
11438;
5679;
11019;
8226;
13816;
4552;
10010;
10899;
2290;
14983;
14808;
2135;
7187;
9624;
14695;
2678;
15556;
11824;
992;
10637;
5696;
3762;
10577;
9846;
5997;
14909;
1738;
7544;
5364;
8177;
1190;
6226;
10978;
848;
15057;
15180;
4972;
1492;
11656;
7727;
10769;
3675;
10043;
6019;
5915;
2522;
13318;
2826;
11654;
775;
14636;
4158;
2750;
11460;
2451;
1047;
13274;
3052;
721;
804;
5438;
14051;
2376;
10535;
3282;
714;
1205;
11298;
13863;
14666;
8585;
4292;
10383;
12659;
1712;
6094;
3119;
10052;
5155;
6643;
15467;
2791;
6183;
6606;
6791;
10252;
11260;
9558;
5743;
2816;
144;
2956;
5796;
12405;
15207;
685;
6325;
11512;
812;
8026;
9094;
14840;
1324;
8588;
8892;
14335;
4904;
2793;
2822;
9791;
14736;
6637;
5046;
13006;
5456;
167;
4564;
3477;
11997;
9834;
6036;
8535;
12951;
10153;
7545;
6085;
6733;
14622;
13655;
2;
2579;
10333;
9742;
12242;
3403;
8497;
12425;
12712;
12286;
1572;
15618;
10314;
15021;
5868;
7778;
9851;
7387;
11290;
14339;
355;
8513;
8665;
4870;
4148;
2302;
7239;
8172;
14649;
14036;
6020;
11164;
13364;
14094;
12907;
5435;
14443;
12855;
3395;
8802;
779;
2370;
2771;
6313;
10747;
1225;
5132;
2416;
8581;
8675;
9800;
14348;
2589;
13293;
4115;
6181;
13786;
13441;
5086;
9555;
13713;
14304;
15347;
4712;
4100;
10036;
3547;
12192;
8724;
1131;
10651;
12875;
4546;
10948;
5009;
1781;
7592;
3252;
9040;
15268;
8881;
10876;
8078;
7041;
9953;
4938;
11733;
1543;
11833;
7132;
1267;
2308;
398;
12473;
5453;
15238;
12127;
6412;
9525;
14168;
5022;
10274;
10349;
10097;
9606;
1673;
2258;
10649;
8835;
10828;
11769;
13881;
12312;
5208;
13528;
4495;
15534;
254;
14783;
1038;
6194;
3341;
5264;
12697;
6304;
11449;
1432;
3175;
8458;
8383;
8199;
864;
10692;
1142;
1384;
1768;
3140;
12337;
3853;
1789;
7149;
14981;
4243;
553;
3858;
1831;
12029;
9113;
8143;
2008;
1980;
15112;
2328;
10712;
5569;
1060;
9605;
3944;
9637;
14939;
7248;
2559;
5976;
10141;
13955;
9114;
15010;
3597;
1049;
2669;
11486;
10980;
10938;
4911;
11026;
9436;
13662;
6672;
1156;
9191;
9178;
8350;
15336;
13300;
11349;
2863;
8726;
9661;
6801;
11509;
2772;
792;
6091;
2677;
2489;
6485;
5398;
11528;
5599;
4818;
1685;
11201;
11946;
940;
759;
11968;
9860;
12750;
4843;
9474;
14560;
6338;
12159;
14396;
10855;
10888;
14139;
3428;
2985;
5788;
4493;
11929;
11957;
5450;
3937;
989;
11104;
9000;
3540;
11619;
9943;
13568;
3244;
13448;
4667;
1649;
3499;
7460;
14099;
2079;
15160;
5746;
2011;
10050;
4524;
15532;
6469;
15616;
2058;
13474;
6402;
7617;
13888;
2436;
8035;
12230;
13840;
1568;
2735;
5113;
5654;
2697;
3831;
12835;
10897;
3239;
10261;
4478;
7098;
6940;
11152;
4627;
14836;
13340;
13438;
9155;
13953;
12031;
1890;
8050;
12627;
15067;
4677;
9601;
3294;
12066;
11941;
837;
13233;
13496;
7332;
15497;
301;
1845;
6729;
7574;
9995;
6977;
171;
4515;
14729;
8885;
15187;
12923;
3948;
11254;
14711;
801;
8748;
3464;
5234;
2204;
7746;
2333;
13344;
12119;
14594;
12957;
4725;
12117;
11585;
6154;
9936;
2118;
746;
6061;
1834;
737;
1046;
10972;
8041;
4125;
6881;
2275;
5485;
11839;
4407;
8269;
1637;
3136;
12170;
10319;
11217;
563;
2158;
11053;
8154;
39;
13368;
5304;
6474;
6744;
7913;
540;
9625;
6919;
7372;
15580;
11777;
11931;
2176;
15099;
12256;
2774;
4105;
13598;
7930;
1228;
11021;
15354;
4073;
14687;
14484;
6725;
15578;
9037;
14121;
10014;
6942;
11762;
12023;
2326;
9576;
2245;
15570;
11430;
9655;
9482;
7775;
8197;
14463;
542;
7473;
3516;
6168;
6907;
1786;
4441;
4898;
6357;
8979;
3445;
5909;
8673;
2601;
14528;
3849;
985;
15400;
10235;
6796;
7756;
3525;
13523;
7848;
12763;
14035;
7092;
15608;
11262;
13341;
5238;
1528;
861;
4119;
2676;
1009;
15222;
6608;
11706;
5622;
10398;
13792;
8580;
2513;
13753;
4416;
8782;
14467;
2035;
9627;
5869;
1345;
10921;
1145;
3151;
11905;
1453;
10961;
13661;
4584;
7062;
2709;
11556;
15208;
3952;
3400;
9240;
5831;
15113;
1706;
7027;
10582;
7810;
5096;
651;
6169;
713;
6956;
2585;
12666;
4928;
10781;
2690;
7409;
1319;
14737;
6472;
11247;
2171;
10877;
660;
12693;
5131;
2468;
933;
13044;
13630;
6837;
3607;
13870;
1035;
8191;
5807;
12370;
3493;
14699;
5616;
12617;
7489;
4465;
1405;
4821;
15547;
15380;
8334;
524;
5963;
7811;
9811;
15671;
3339;
9479;
12935;
3384;
8938;
3179;
1287;
11909;
15244;
11200;
337;
9912;
15025;
7097;
4681;
9184;
9249;
8565;
4488;
12620;
2848;
11474;
929;
6867;
407;
3771;
8878;
14290;
15337;
230;
763;
14370;
1140;
7906;
7370;
14562;
9729;
1466;
12223;
13003;
14374;
5443;
4442;
14684;
11114;
12349;
3280;
6122;
4951;
747;
4827;
12190;
5892;
2458;
3411;
3629;
7668;
718;
13524;
9730;
8974;
921;
6848;
7496;
13766;
10952;
6536;
10385;
15053;
1723;
10256;
1636;
4398;
9516;
13107;
12472;
15541;
6053;
3370;
14089;
5802;
10140;
7054;
12513;
5034;
1626;
12917;
9014;
11099;
11657;
10206;
11593;
2576;
6385;
10832;
10596;
14468;
15320;
7902;
3485;
2117;
11381;
79;
2903;
14906;
436;
1446;
8562;
2433;
13784;
7776;
6212;
9894;
14231;
15204;
9168;
6756;
11870;
9135;
1648;
2251;
9653;
8481;
14252;
5866;
13486;
14302;
5615;
7767;
4453;
9356;
558;
12860;
7159;
6655;
9512;
11395;
13150;
8386;
2783;
1443;
7939;
12300;
10849;
12069;
12889;
5535;
11401;
8476;
3932;
595;
15452;
10586;
5341;
11034;
15092;
12920;
1998;
4673;
3332;
12562;
13968;
2338;
8937;
10101;
1931;
10752;
494;
13427;
12490;
993;
10539;
7984;
12707;
13522;
5757;
12497;
1833;
10634;
13094;
388;
5246;
5827;
7208;
11911;
9007;
4104;
10223;
10085;
1085;
9670;
11456;
5103;
2318;
10630;
5149;
1509;
163;
9146;
12778;
8033;
4660;
6964;
4947;
2595;
4146;
3048;
10450;
1040;
270;
5222;
4321;
8586;
5513;
15278;
564;
670;
3502;
8510;
2991;
13669;
12412;
7037;
9279;
15091;
6465;
6136;
12648;
7926;
8829;
2100;
2481;
11873;
6644;
15253;
14522;
3257;
11459;
15530;
4260;
12858;
13779;
5590;
3285;
11148;
11256;
4126;
728;
9969;
8551;
11435;
11589;
11485;
10954;
1747;
13636;
3713;
8084;
14042;
2403;
3584;
8361;
334;
7608;
12122;
4915;
9756;
5145;
13286;
15232;
8737;
4639;
6250;
4344;
5140;
6077;
15366;
6160;
277;
2529;
7127;
8402;
1090;
4697;
3368;
15627;
8788;
10204;
8859;
6835;
1909;
3660;
10170;
1521;
15213;
13554;
9503;
2884;
309;
11283;
42;
4475;
2479;
10963;
4428;
14076;
4772;
3747;
12185;
11664;
9041;
12804;
2090;
12544;
23;
7267;
13829;
9215;
1746;
684;
2229;
4016;
4534;
2304;
10394;
12509;
1183;
12702;
4370;
9744;
9983;
5226;
13281;
3135;
813;
6699;
11683;
12826;
923;
2067;
10902;
3886;
2166;
124;
155;
13546;
2450;
12144;
10619;
2886;
12279;
6877;
3783;
14830;
13979;
5741;
123;
10482;
1413;
4141;
4490;
14501;
9336;
6037;
14599;
855;
15182;
2210;
10833;
12787;
13256;
2495;
10629;
4711;
11092;
15129;
10765;
10472;
11567;
7011;
11831;
8055;
3413;
15239;
6456;
15639;
8994;
10784;
2773;
8688;
10867;
2905;
10751;
11853;
11837;
15357;
13056;
8155;
15560;
1330;
293;
12565;
14852;
8941;
108;
8515;
1972;
12775;
5074;
15058;
10487;
9415;
30;
10696;
5016;
6676;
11276;
12988;
836;
6610;
14984;
7566;
1864;
9088;
11195;
9209;
13380;
27;
11446;
2482;
1482;
2803;
13702;
3045;
2707;
5347;
7042;
5669;
14173;
8345;
4741;
6232;
9876;
1660;
6476;
8751;
13462;
15655;
3945;
14688;
12310;
10847;
11694;
15246;
12841;
2756;
14555;
14665;
1331;
9001;
14953;
4809;
10905;
4203;
8844;
7285;
9501;
3486;
13405;
7573;
13305;
2494;
9590;
396;
5916;
4393;
3639;
7345;
2391;
250;
15558;
5328;
11882;
4728;
13343;
13725;
226;
7802;
14180;
8914;
10750;
10722;
3152;
10352;
6335;
10090;
4936;
9462;
13302;
14296;
13857;
11818;
10605;
15115;
2042;
56;
8567;
9283;
10955;
7892;
1994;
8862;
3430;
5617;
6896;
8144;
15000;
1553;
8124;
3764;
13674;
12067;
4561;
1043;
14553;
7769;
1491;
3903;
1305;
5889;
13643;
13395;
11089;
12024;
5177;
916;
4810;
5647;
4778;
10086;
3729;
15087;
13231;
14837;
5724;
6891;
7165;
13782;
9906;
13200;
9234;
10397;
4046;
12411;
10695;
11197;
5962;
12489;
13987;
125;
4922;
15095;
14181;
10998;
7139;
11817;
9149;
4804;
450;
12470;
1426;
1454;
130;
2332;
3229;
10872;
5762;
11208;
4812;
3258;
2467;
11927;
4216;
3649;
1817;
11477;
4032;
8152;
6073;
14809;
14512;
10331;
2939;
5508;
3640;
5985;
7884;
14892;
7476;
13666;
1169;
6989;
7128;
9961;
12457;
6582;
15433;
14672;
14888;
14404;
14663;
1693;
8836;
3115;
6898;
2048;
9813;
2372;
356;
8435;
3228;
11279;
3289;
14305;
11508;
11522;
4514;
11995;
2820;
13531;
12020;
3446;
11082;
13294;
6800;
3247;
225;
6731;
2335;
7008;
1487;
4722;
9591;
9615;
1403;
10465;
2182;
5473;
7287;
8122;
10518;
12049;
4496;
7361;
2604;
4245;
3463;
8831;
11397;
8248;
4135;
8583;
10865;
6885;
10475;
11618;
186;
7890;
350;
9928;
7642;
4588;
11437;
1387;
6191;
1327;
4006;
13944;
10748;
12149;
6390;
12287;
13964;
12718;
8989;
13510;
9722;
4187;
4139;
14761;
2022;
577;
5463;
7214;
15100;
15081;
7729;
14974;
2925;
11268;
15526;
7394;
4211;
10895;
9126;
12598;
14525;
14177;
1555;
5523;
10407;
517;
1799;
7994;
8442;
13701;
15052;
15610;
6393;
1724;
13992;
7175;
12915;
13837;
5764;
3917;
1341;
11116;
796;
5056;
2062;
8964;
7669;
14250;
3813;
7181;
12930;
11106;
2186;
12531;
9377;
288;
4688;
10718;
8756;
8399;
6988;
3478;
5176;
13799;
9804;
10734;
10305;
13363;
12540;
4469;
13843;
13778;
4373;
15406;
3564;
3065;
10022;
3563;
12630;
12596;
7955;
4893;
1478;
2945;
1232;
122;
11779;
4608;
4405;
4787;
8803;
11244;
1114;
9285;
2533;
13708;
4070;
5550;
3269;
4841;
7852;
11018;
7677;
11680;
14948;
1033;
12732;
2065;
15620;
4156;
10440;
7249;
2698;
5794;
1159;
556;
432;
6209;
7969;
14735;
1761;
13880;
2498;
8723;
3217;
6599;
4354;
7363;
13886;
15384;
13583;
6657;
2004;
5092;
14371;
11780;
761;
12309;
13099;
9614;
12885;
8037;
3073;
7896;
9063;
12976;
15334;
7679;
3691;
13906;
10559;
13934;
6449;
9935;
11060;
8462;
6980;
11169;
8106;
9246;
7048;
4278;
2508;
704;
10547;
13258;
12356;
4109;
7202;
3782;
9264;
6470;
12779;
15609;
9975;
2705;
7192;
12342;
5904;
5531;
1251;
2727;
12493;
9643;
14410;
9389;
11221;
13175;
4396;
11242;
4737;
6703;
13137;
13793;
4392;
8559;
11503;
6751;
15405;
381;
13177;
15353;
5779;
13450;
15476;
10439;
13255;
7585;
13957;
4484;
4271;
14187;
241;
8214;
2804;
117;
10236;
3834;
4702;
12203;
12344;
5907;
8721;
11712;
6477;
7304;
12136;
5487;
3178;
12751;
10414;
4318;
5943;
4615;
2136;
2396;
9199;
5674;
13028;
6997;
7018;
9183;
6910;
1593;
15426;
3324;
10970;
7454;
6819;
8760;
6820;
6503;
4193;
1876;
156;
4775;
2643;
4776;
12735;
9258;
1227;
15596;
2501;
14028;
8273;
6442;
10192;
12304;
13083;
24;
3017;
6865;
12789;
1906;
14054;
2842;
13629;
1325;
13068;
13171;
11391;
8333;
10502;
6252;
527;
48;
14518;
5188;
7643;
7663;
6588;
13853;
3209;
1720;
11103;
12002;
6257;
10190;
2665;
14694;
3665;
12570;
4482;
7350;
14363;
15375;
5442;
11823;
11112;
8212;
7131;
734;
11078;
10161;
435;
200;
8884;
14777;
14114;
5396;
12496;
6145;
6677;
3820;
4175;
13487;
12983;
782;
1427;
9272;
5472;
12582;
5261;
14702;
14043;
6698;
5547;
4333;
483;
6661;
11711;
1262;
7251;
2924;
12673;
7005;
15377;
14591;
1809;
3938;
10806;
1023;
4448;
970;
9187;
13634;
8447;
8200;
10592;
382;
624;
6893;
13741;
11411;
10127;
5525;
1175;
11462;
5119;
13351;
7116;
9081;
9887;
7068;
4143;
1966;
12021;
6406;
8754;
6137;
9080;
10620;
626;
14566;
2751;
3754;
3720;
11795;
13333;
12004;
9103;
12151;
7507;
6041;
13298;
3364;
82;
8951;
14719;
10885;
1999;
9753;
2219;
10836;
5285;
13133;
1745;
803;
5353;
4647;
14705;
5984;
15096;
6922;
634;
8020;
8704;
9291;
6686;
12189;
6970;
4746;
7723;
8825;
10053;
2239;
11272;
5926;
10368;
13879;
6248;
14138;
549;
2419;
11050;
4763;
12077;
15022;
4829;
14133;
7064;
9169;
7106;
14932;
9214;
9339;
13118;
2023;
1059;
8127;
13936;
6127;
14875;
14495;
859;
14331;
2729;
6040;
4186;
12453;
8444;
13651;
6590;
11291;
9938;
7349;
11690;
3561;
12340;
11808;
12318;
3870;
13597;
907;
13787;
14272;
5589;
9994;
7961;
13075;
12465;
7365;
15077;
12958;
4769;
15185;
769;
5007;
168;
15309;
8157;
7291;
1441;
2106;
12849;
12137;
361;
1398;
5537;
4919;
8961;
2120;
12386;
4232;
10761;
4563;
13823;
8750;
625;
13729;
9861;
4963;
8787;
11189;
905;
1298;
13720;
754;
9743;
1459;
6109;
13213;
1170;
14062;
12650;
14834;
10317;
10120;
10109;
4369;
2486;
9646;
3084;
13458;
3681;
7284;
12948;
9875;
8548;
10427;
5662;
14796;
12247;
6617;
326;
12932;
3592;
10137;
8719;
9711;
618;
3897;
13442;
8367;
6397;
428;
964;
3512;
13235;
10493;
8955;
14204;
3291;
3922;
7226;
7861;
9598;
10960;
9171;
9880;
6467;
3696;
14220;
3409;
632;
2618;
8120;
5227;
9350;
11552;
3962;
11991;
15050;
7699;
14556;
10249;
7867;
10749;
2653;
1574;
7117;
14149;
5173;
2379;
4668;
4899;
1964;
3260;
7628;
5681;
1397;
3164;
2817;
8985;
1785;
13892;
7610;
10302;
10;
1518;
8636;
13326;
2649;
15550;
1893;
8700;
7237;
872;
8867;
6587;
5244;
13703;
543;
10756;
10653;
8690;
66;
9421;
1800;
4433;
14400;
485;
5118;
12881;
1853;
14986;
2544;
9619;
7500;
1127;
15249;
2143;
13975;
1531;
3803;
4414;
11857;
4197;
8132;
4324;
11327;
9962;
7416;
12109;
7403;
1121;
14060;
15374;
9761;
6078;
2612;
3766;
2691;
9311;
9159;
6559;
13768;
5725;
13660;
11339;
9213;
6861;
15284;
1533;
680;
7509;
1435;
13304;
14677;
3928;
4301;
1826;
2334;
8942;
7694;
7009;
5504;
43;
14904;
13558;
14113;
14175;
1068;
11030;
6754;
10266;
4259;
9518;
8780;
15228;
7078;
5284;
12739;
12684;
357;
541;
8682;
8441;
4291;
9775;
7031;
8603;
13738;
1753;
8781;
11990;
10624;
10871;
6887;
4408;
10205;
3673;
8355;
12384;
12959;
13570;
10680;
11496;
12737;
4328;
9211;
15041;
2130;
2041;
13699;
6505;
3193;
12395;
13721;
1704;
4023;
829;
2132;
1784;
1914;
1634;
13690;
10307;
13557;
2081;
3108;
7133;
2194;
4791;
4220;
8456;
3360;
4828;
7583;
1627;
8238;
7388;
13695;
5335;
14802;
9160;
8028;
4685;
14391;
3943;
12989;
1630;
3111;
5385;
14750;
6958;
5452;
14194;
11264;
1589;
3402;
340;
3315;
13509;
10785;
8021;
7688;
3027;
2096;
13018;
6669;
5895;
12788;
5429;
489;
13835;
5021;
9219;
7760;
2562;
3286;
7815;
3508;
15666;
2594;
8732;
6165;
12193;
12208;
6000;
13268;
2663;
8000;
10313;
4747;
6321;
2860;
10070;
9077;
2007;
8101;
1032;
14627;
4401;
14607;
2992;
12814;
1526;
3662;
10283;
11234;
9413;
10416;
1363;
2786;
5337;
2430;
13839;
10293;
4247;
8541;
4195;
10351;
15186;
1191;
2224;
1372;
64;
1615;
7883;
2631;
7004;
6298;
4940;
8118;
9241;
14325;
3344;
9816;
12108;
8231;
12293;
14801;
15539;
3391;
13417;
1609;
8505;
94;
6950;
6104;
13985;
5561;
12857;
7331;
12733;
10632;
11787;
4297;
11866;
14847;
12625;
11382;
871;
15509;
7430;
11643;
4476;
15664;
8972;
4926;
10364;
4248;
13016;
12683;
5276;
2778;
1422;
13631;
2434;
546;
9056;
8485;
1235;
507;
12572;
3461;
1595;
13457;
114;
656;
4729;
522;
15501;
4648;
14613;
7611;
12106;
14625;
1210;
6218;
7303;
9992;
9967;
10654;
8492;
7720;
3429;
176;
4473;
1069;
8413;
15651;
5559;
12850;
14052;
3593;
10263;
11261;
9074;
3138;
8659;
11791;
14596;
3755;
6723;
1130;
11493;
8450;
12417;
13885;
5692;
5876;
1259;
1717;
1869;
6306;
4145;
11682;
7335;
7864;
7616;
11309;
8373;
1222;
7916;
5813;
9434;
8423;
14944;
13865;
3216;
10035;
11184;
6531;
2153;
8421;
3314;
9110;
11766;
7764;
329;
9355;
4930;
4582;
332;
4001;
14436;
4716;
5978;
7805;
12116;
12579;
10130;
9440;
11912;
4268;
1892;
691;
12824;
10338;
11935;
15683;
11699;
2723;
11122;
4381;
5493;
6629;
1497;
9790;
8080;
15445;
15475;
13276;
6816;
13451;
12426;
5081;
14763;
15656;
1736;
13037;
8851;
744;
12476;
13605;
15279;
5239;
14003;
10237;
7397;
3899;
3159;
7893;
14872;
8234;
10157;
12726;
11399;
8813;
2539;
6463;
12586;
15617;
3404;
8356;
1849;
5271;
3690;
599;
2686;
1677;
10642;
7995;
15322;
11068;
6082;
13555;
8619;
11101;
9712;
14673;
9330;
15141;
14968;
11287;
4443;
8158;
7656;
6125;
2351;
3627;
12057;
2471;
13436;
5688;
13407;
13990;
9567;
1741;
15166;
9205;
7988;
11741;
10184;
7236;
5331;
5999;
12645;
11670;
12098;
14154;
14905;
15026;
13485;
7874;
7112;
4883;
9679;
13534;
14470;
7813;
14647;
12754;
7548;
15147;
13311;
15446;
5689;
13842;
397;
724;
14970;
13648;
2154;
9713;
9631;
6761;
6098;
9417;
2418;
15127;
7327;
11475;
8687;
15299;
5809;
13432;
15197;
9966;
6439;
11355;
5308;
1887;
8321;
7172;
14634;
7440;
762;
13565;
11864;
4803;
9230;
6331;
7942;
13836;
374;
11926;
7671;
12000;
2954;
5433;
8976;
3628;
7143;
2651;
5057;
9121;
13982;
10675;
14197;
4445;
4931;
8233;
14496;
3774;
4011;
11321;
10684;
11454;
6623;
8044;
12461;
4072;
7829;
2588;
7384;
13332;
4169;
3832;
9357;
4669;
10859;
7296;
1819;
3924;
2670;
7875;
6106;
6764;
4761;
1083;
11687;
4766;
14870;
12764;
11056;
12936;
5292;
12776;
11851;
8854;
13500;
9387;
6201;
10854;
6854;
3316;
5265;
440;
9878;
6585;
6382;
1776;
6693;
14797;
8643;
4000;
14058;
11374;
7367;
5957;
7102;
2673;
222;
12608;
2989;
15670;
7808;
13329;
3898;
12351;
13812;
10390;
9314;
808;
3313;
458;
4689;
14756;
14610;
3964;
1238;
4848;
12569;
1865;
10774;
2116;
3515;
13249;
13111;
7557;
5469;
9085;
7830;
11738;
150;
5771;
12945;
14949;
6063;
2377;
3689;
15559;
268;
12725;
5582;
7619;
12634;
9192;
469;
9220;
55;
8366;
5048;
14395;
14586;
10115;
86;
11119;
15607;
14147;
8866;
7443;
5795;
7176;
8657;
4752;
10934;
9741;
6473;
11396;
2941;
10168;
777;
10201;
6140;
6176;
13918;
2368;
1945;
3927;
9333;
11171;
1221;
1860;
8880;
5260;
12444;
14023;
13730;
5729;
1858;
7742;
2934;
9371;
10615;
7698;
9727;
12636;
13282;
1123;
343;
2358;
6178;
9177;
15216;
441;
6378;
15049;
13537;
10882;
10112;
1016;
15369;
8353;
11948;
7635;
13996;
8093;
14350;
15574;
6441;
5601;
7594;
9833;
3611;
160;
137;
12986;
7190;
2440;
14427;
11293;
10670;
154;
13657;
14535;
12126;
9485;
882;
3470;
11062;
6516;
2031;
12772;
12423;
4734;
8539;
2200;
9153;
15575;
12451;
1366;
6755;
11499;
6186;
4835;
8217;
584;
8071;
11606;
5699;
902;
15678;
9317;
12389;
13781;
10298;
12998;
6990;
14978;
10460;
10122;
3484;
3459;
11852;
5058;
9449;
8418;
12048;
4908;
13390;
13877;
11160;
13050;
8328;
2025;
7983;
1138;
11179;
1318;
10171;
15479;
453;
2776;
6450;
10604;
14474;
5157;
7309;
283;
8001;
3435;
8150;
5006;
8255;
7584;
12054;
14419;
3555;
7614;
7463;
11638;
7868;
6197;
5642;
10478;
7469;
6529;
15551;
1734;
3117;
8604;
10392;
4099;
6520;
5143;
6718;
2958;
12319;
785;
7565;
4053;
14426;
1371;
8616;
6824;
6760;
5778;
3569;
1640;
501;
13553;
11943;
7571;
12663;
14563;
11007;
14329;
13794;
14615;
7603;
5574;
5886;
14749;
8272;
9298;
7697;
412;
10474;
4253;
3738;
9802;
5653;
4457;
9920;
5934;
2477;
8236;
7371;
14144;
2412;
11858;
8555;
5680;
7518;
8131;
9376;
189;
2602;
8159;
10451;
15109;
2063;
3293;
12238;
9573;
12504;
10930;
11730;
3735;
11972;
13154;
15359;
8576;
11520;
10927;
44;
8839;
15161;
1503;
5332;
5940;
5551;
7137;
650;
9443;
11913;
14185;
11409;
11980;
4499;
12111;
13925;
6903;
446;
14716;
10175;
9111;
7066;
7664;
11159;
294;
2874;
4907;
3973;
14642;
8633;
385;
4962;
7781;
3093;
10926;
12898;
14969;
8284;
11903;
4927;
2536;
7140;
6878;
1585;
1871;
6640;
9820;
1607;
14504;
8949;
2284;
10997;
11856;
10711;
562;
15443;
14745;
3677;
7235;
9320;
4323;
12854;
1981;
10716;
12967;
8796;
7483;
6748;
7501;
13416;
1469;
7421;
570;
14308;
8031;
12028;
13569;
3980;
10892;
2799;
3801;
10936;
8763;
12724;
14959;
7779;
2550;
2693;
8304;
13128;
15679;
11365;
8323;
2937;
13498;
5123;
15643;
3792;
8572;
11481;
384;
13159;
786;
7596;
1421;
15040;
7722;
8814;
13418;
6523;
10276;
4194;
8963;
7223;
8631;
10011;
5465;
12736;
3014;
2629;
11973;
11704;
15004;
2024;
1296;
6374;
1143;
9403;
12669;
5954;
12281;
13445;
11079;
14584;
6366;
15474;
5988;
13939;
5650;
3382;
14807;
13297;
2597;
14080;
8343;
6113;
2619;
6576;
10247;
9473;
4061;
14169;
1581;
978;
11314;
4002;
14270;
12802;
9225;
10174;
12446;
2512;
4144;
6150;
7057;
4137;
5862;
9642;
2682;
3116;
6926;
1052;
2156;
13108;
8317;
1854;
8715;
14394;
2442;
9647;
2580;
11295;
205;
8235;
9827;
8460;
9224;
12201;
1066;
3892;
11517;
14326;
1376;
7150;
8971;
6493;
991;
5027;
1701;
1576;
4633;
3005;
6811;
3842;
7745;
7695;
110;
9433;
2091;
5324;
10966;
3412;
15660;
2563;
11085;
9351;
8496;
591;
10091;
4081;
4553;
2461;
1618;
8309;
15117;
5329;
12501;
15224;
4040;
11138;
10067;
8777;
4736;
10207;
10381;
3262;
14667;
14922;
9151;
10138;
10702;
11342;
12140;
5966;
13844;
3118;
1176;
12085;
10165;
473;
1613;
648;
341;
9452;
10721;
11514;
12873;
2983;
1268;
1438;
858;
9493;
14444;
2745;
4992;
9620;
4250;
9930;
13065;
13902;
10831;
3982;
231;
1062;
3432;
2921;
5735;
15275;
14486;
13188;
6862;
4108;
14540;
12219;
321;
6021;
5151;
2059;
9778;
12424;
10993;
1971;
10172;
12436;
13366;
3814;
2770;
12418;
6973;
15276;
342;
2415;
4128;
6546;
10176;
13393;
4059;
10737;
9783;
12525;
10726;
14001;
395;
1824;
13219;
6722;
11328;
11203;
7706;
3576;
10189;
1619;
4390;
9067;
1974;
4103;
11375;
4362;
12454;
5740;
7662;
10277;
1674;
14668;
15648;
14941;
12393;
5170;
14781;
6864;
10766;
6280;
15441;
10536;
15048;
8133;
2248;
11919;
10879;
3253;
15554;
2356;
9394;
4910;
8948;
10937;
13610;
14179;
10542;
10457;
14784;
12479;
13284;
8561;
7670;
2590;
300;
11182;
1711;
11667;
4965;
9872;
13002;
10599;
3004;
13017;
280;
6318;
12843;
14129;
14744;
8377;
806;
9107;
6234;
11736;
10660;
8271;
2026;
4703;
15248;
13856;
13080;
13168;
12123;
4133;
7895;
12335;
12299;
3331;
488;
3349;
6609;
13875;
14683;
2178;
1245;
14299;
4177;
12734;
528;
7174;
7386;
14952;
5071;
13269;
8761;
3310;
948;
3070;
5497;
7826;
6466;
7947;
4817;
1769;
3362;
5885;
14771;
11755;
13490;
12267;
6540;
7684;
15191;
7336;
5172;
11224;
6445;
14662;
3321;
10682;
610;
4670;
6046;
14740;
12011;
2034;
1961;
1209;
2142;
11893;
5344;
8645;
645;
4087;
2734;
3579;
10150;
6086;
9805;
11887;
2279;
10738;
13011;
2336;
12307;
2521;
11407;
3877;
14727;
11804;
8554;
3180;
13845;
12595;
6275;
14182;
11720;
11500;
10311;
9947;
12844;
7533;
8709;
6933;
2457;
2824;
8141;
11128;
6604;
3603;
7871;
14544;
14882;
6239;
13104;
10469;
10000;
13354;
12794;
9547;
4795;
6328;
2094;
8431;
113;
3202;
598;
12114;
6826;
3408;
5630;
10164;
15489;
894;
4310;
12892;
14826;
5828;
10894;
6400;
13737;
6101;
6164;
14878;
14004;
7103;
3872;
1737;
14554;
10182;
7968;
4653;
2731;
10760;
1424;
5872;
14406;
7568;
10562;
7495;
7575;
8477;
3695;
13718;
12746;
5315;
10405;
11356;
1467;
5303;
13292;
14713;
2582;
1034;
5938;
1575;
1316;
7307;
15536;
12580;
14478;
1813;
11429;
7572;
9309;
15614;
536;
8869;
299;
6067;
14055;
1094;
4663;
11956;
7789;
8192;
2834;
8005;
12883;
7464;
2408;
9087;
1017;
9292;
12962;
7006;
8847;
15422;
8227;
12825;
969;
15628;
3385;
9388;
13536;
5358;
3012;
14548;
8443;
9836;
9788;
6601;
12220;
6700;
221;
8467;
15271;
7195;
5667;
12316;
6783;
3271;
14243;
7135;
12135;
1354;
11066;
1449;
10151;
572;
9424;
11993;
10950;
6330;
13808;
7010;
8153;
2017;
3112;
9824;
9925;
12406;
11044;
9465;
12204;
758;
404;
6431;
5470;
14776;
5754;
2853;
5082;
730;
7877;
5967;
895;
6952;
11515;
14221;
2306;
460;
6915;
13482;
12332;
8156;
8966;
912;
2164;
11855;
3;
5727;
7252;
5387;
14451;
9024;
2768;
8372;
474;
12633;
828;
11713;
2192;
7657;
4672;
5479;
15281;
14458;
11767;
12194;
2531;
8501;
12338;
14533;
11661;
14648;
6778;
7711;
4304;
9105;
2527;
12131;
14377;
2752;
4801;
15205;
5444;
4235;
7567;
13320;
7182;
5958;
8193;
5305;
9510;
4825;
3739;
14490;
9818;
6033;
5715;
4295;
6842;
12464;
3804;
13820;
10636;
1916;
13862;
6829;
6647;
53;
12120;
11379;
11392;
2699;
8064;
13949;
10856;
12872;
9248;
10553;
7967;
13659;
379;
14700;
10483;
7122;
550;
15410;
3582;
11665;
770;
13203;
10047;
9003;
4505;
11917;
8664;
7231;
13337;
9393;
2755;
7352;
12606;
3318;
13036;
2902;
9478;
466;
15464;
7151;
3981;
284;
3097;
8042;
11641;
2392;
6267;
4192;
12045;
5660;
4267;
5167;
5102;
4529;
3263;
151;
11627;
8993;
5448;
5780;
6012;
5152;
10635;
455;
15420;
9299;
6172;
2712;
1189;
10123;
10454;
4431;
4574;
96;
10815;
7385;
3033;
7832;
11555;
3241;
11671;
1688;
5468;
14415;
11415;
10210;
8245;
6489;
2152;
13551;
11296;
2398;
6850;
1309;
9611;
15449;
4519;
5408;
6908;
228;
5824;
1208;
11805;
4566;
2552;
8695;
14063;
6790;
4471;
1120;
6618;
11273;
4062;
1544;
8708;
12530;
7404;
3465;
13459;
11605;
4903;
2272;
15176;
7881;
1623;
7681;
4714;
5858;
11863;
9845;
7798;
15328;
677;
11146;
849;
304;
8681;
7230;
9700;
6152;
11507;
9563;
10990;
13780;
5004;
3270;
5965;
12590;
6436;
2714;
11278;
12130;
10900;
9098;
14087;
9011;
9404;
5670;
2909;
346;
2255;
3297;
14923;
9914;
6057;
4623;
6563;
11985;
4477;
4279;
3323;
4686;
6146;
14125;
1367;
14146;
7072;
5894;
1168;
10906;
1608;
2111;
13443;
2212;
5852;
9013;
6999;
4218;
15379;
2421;
4884;
8363;
13564;
697;
174;
3865;
4406;
6633;
9141;
3456;
15179;
5631;
10250;
10857;
91;
6841;
14247;
12612;
4943;
12866;
7570;
12129;
6616;
10550;
9703;
14083;
6388;
12619;
8017;
4110;
15190;
8649;
442;
11335;
14276;
354;
4964;
15098;
6277;
11816;
14399;
7907;
14738;
6076;
11241;
1214;
2840;
5573;
15226;
6083;
14942;
1452;
2572;
14492;
13654;
6453;
11601;
15417;
10281;
7540;
5784;
8990;
11632;
14008;
1269;
4413;
12934;
2692;
1504;
425;
4479;
15435;
8605;
13712;
13763;
5122;
4388;
1580;
15331;
3396;
3053;
3336;
8210;
8716;
456;
5164;
7203;
3812;
12753;
12768;
939;
13689;
1883;
14521;
8415;
10159;
2320;
5439;
14506;
7644;
4876;
5787;
3101;
565;
6500;
4231;
4079;
854;
13854;
2423;
13081;
5851;
6314;
13941;
4314;
2126;
7414;
1468;
15451;
530;
14265;
2520;
8672;
13503;
7904;
10773;
3142;
1199;
1275;
14282;
14315;
14324;
11226;
13947;
5298;
3594;
2390;
14734;
9134;
7094;
2213;
8165;
4277;
13444;
5327;
592;
1246;
12500;
8087;
12042;
12703;
4794;
15289;
14513;
6310;
10467;
7951;
13208;
1855;
14509;
14211;
9278;
5638;
600;
640;
14046;
5410;
12628;
14929;
7060;
13933;
6515;
7716;
8693;
887;
1732;
8134;
1600;
3745;
4988;
11544;
6131;
7606;
15019;
9194;
13088;
10270;
12326;
12730;
5845;
9489;
11251;
15168;
2972;
14192;
3546;
6056;
14748;
877;
7731;
15262;
54;
6991;
14044;
15373;
3298;
5184;
936;
8374;
15503;
8308;
6631;
13115;
5274;
7675;
12480;
2535;
5318;
9365;
2092;
12255;
4985;
11174;
5901;
8601;
15304;
4286;
13890;
164;
3836;
14919;
1393;
4210;
6253;
10021;
7405;
13954;
4123;
13048;
2402;
10818;
1070;
4420;
3245;
2805;
15635;
821;
10977;
287;
676;
681;
13434;
8516;
471;
13425;
9594;
3878;
103;
5112;
15263;
12655;
12845;
2689;
4853;
8102;
3039;
2214;
7305;
3503;
1026;
15332;
8337;
5273;
3157;
4176;
2846;
11542;
8290;
12760;
12090;
12558;
4842;
7523;
7377;
2388;
10805;
6810;
1665;
8083;
3075;
1643;
1117;
11166;
1207;
6642;
865;
15282;
5430;
6766;
2169;
4575;
11531;
5875;
6208;
3122;
7934;
5847;
2899;
6551;
13132;
12611;
7704;
11792;
7019;
1375;
2743;
7543;
9565;
12766;
9954;
10744;
3645;
12836;
14980;
7491;
8047;
8340;
1135;
2911;
12819;
6918;
5024;
5225;
2252;
13491;
10823;
630;
5857;
6987;
9427;
11983;
6771;
14794;
15480;
12081;
10645;
2422;
12347;
14078;
10102;
5996;
11966;
9685;
1907;
1463;
3177;
2394;
10790;
10801;
10148;
10531;
7022;
2235;
4700;
5902;
1778;
3068;
6777;
5673;
7158;
7532;
14658;
6955;
7308;
5639;
4708;
11031;
6010;
12559;
7600;
13717;
7665;
12899;
2108;
6334;
10574;
13824;
166;
15533;
10509;
11757;
8265;
3308;
10119;
5789;
1173;
12447;
5953;
8247;
1007;
8903;
7637;
11465;
8959;
9335;
6752;
13275;
12051;
5012;
9986;
10162;
4560;
11136;
10996;
14505;
6709;
5354;
6481;
13041;
112;
10643;
817;
7735;
9398;
12927;
11490;
11928;
9375;
13747;
7034;
9973;
1501;
1954;
2500;
11468;
12689;
13910;
5017;
8077;
9976;
6333;
9466;
5405;
13355;
10147;
12891;
7300;
9842;
5989;
13608;
641;
10463;
4395;
336;
3684;
15522;
9933;
8004;
12102;
3154;
1771;
15370;
7809;
6311;
11;
13323;
2400;
12677;
2221;
8454;
14075;
14494;
6992;
9052;
2300;
5489;
15513;
2294;
5067;
14166;
8301;
7162;
3125;
3434;
8240;
3890;
8410;
14159;
15584;
11434;
15085;
2813;
4161;
6929;
12001;
9630;
13117;
653;
8894;
13974;
141;
819;
10652;
5127;
12363;
957;
14254;
8173;
11246;
12155;
2965;
6571;
2978;
14864;
8298;
5977;
217;
7719;
6308;
8694;
4815;
3220;
14523;
4693;
10308;
2856;
9718;
908;
3856;
6028;
5066;
10167;
9432;
2428;
15128;
5701;
5495;
12097;
14143;
899;
7395;
4807;
12731;
1965;
5300;
12150;
6299;
702;
8470;
13514;
15383;
15577;
9633;
14842;
13606;
8213;
8569;
11872;
6193;
10723;
6303;
10527;
5107;
9334;
1353;
8917;
998;
5490;
1821;
11413;
7480;
5411;
3276;
9915;
4200;
8871;
12878;
6363;
6392;
15622;
8624;
9649;
1930;
6356;
4071;
5203;
3086;
14531;
8307;
7876;
7424;
11658;
296;
9195;
4525;
4526;
9284;
11038;
14957;
4422;
9308;
5139;
14164;
4205;
8130;
14917;
9245;
8596;
13986;
2452;
1896;
9288;
13624;
14145;
2082;
8832;
1473;
9444;
10399;
9260;
12249;
281;
13072;
14150;
192;
14294;
7446;
12601;
10403;
8314;
1681;
9728;
2454;
8160;
3124;
14259;
10380;
1451;
3537;
15381;
1153;
11132;
1782;
10523;
9884;
1082;
15527;
15140;
410;
5548;
12829;
14933;
15386;
15499;
6210;
2046;
6405;
2121;
11834;
13587;
5165;
8960;
2870;
9654;
1664;
351;
5542;
4010;
9316;
13675;
6746;
1929;
2603;
9597;
7498;
9592;
4550;
9577;
11338;
13841;
13707;
5104;
286;
2439;
5694;
371;
10292;
2753;
3338;
15504;
6403;
12083;
9779;
12047;
2990;
720;
2353;
3996;
10262;
8729;
6667;
1326;
10079;
8921;
952;
4696;
4276;
12248;
573;
10393;
5588;
9549;
3500;
5766;
5371;
15492;
4852;
10601;
13991;
12605;
1875;
6954;
6284;
3712;
3748;
265;
360;
9561;
5546;
2575;
12805;
7791;
12234;
3907;
14972;
2321;
13027;
1902;
12991;
273;
13267;
727;
13911;
11215;
14641;
6904;
9987;
8280;
6166;
7880;
14346;
11681;
14861;
14798;
3092;
1152;
15486;
3399;
3141;
4214;
1622;
14860;
11017;
10787;
8543;
10814;
1699;
1368;
14624;
7582;
14936;
2327;
4080;
13370;
9181;
10808;
3304;
9117;
9254;
11696;
11013;
5333;
846;
12268;
15047;
5899;
9349;
3610;
10180;
1565;
1272;
5286;
2809;
8379;
15548;
8403;
10020;
8268;
3347;
10548;
6052;
22;
1561;
13821;
2137;
2413;
8980;
6198;
10280;
14273;
5125;
13165;
5028;
1516;
10057;
1163;
9138;
13058;
10884;
7750;
13543;
9815;
7265;
4745;
2977;
1280;
7488;
5464;
8312;
2711;
2010;
5731;
3699;
1340;
3451;
3261;
10325;
5345;
2742;
6538;
10837;
11299;
2732;
3013;
14787;
3693;
7035;
951;
6876;
10918;
7962;
9877;
11502;
7059;
9428;
13248;
2427;
10668;
4596;
424;
3567;
14845;
3851;
434;
6712;
9770;
9949;
1583;
1202;
2231;
1086;
14600;
880;
14500;
13224;
12947;
7256;
3469;
3557;
431;
2072;
10063;
12631;
8433;
11650;
5518;
3120;
15033;
7247;
12241;
4796;
10803;
6309;
8625;
9370;
7038;
14958;
8465;
745;
10034;
15356;
13426;
13374;
1223;
10973;
3230;
6004;
1525;
3029;
11949;
7262;
3737;
10776;
1915;
4051;
15211;
9586;
9999;
3854;
10811;
13647;
7929;
13525;
15458;
7794;
14715;
15243;
4657;
3504;
621;
14038;
6685;
16;
13692;
1867;
2935;
15266;
7725;
11580;
12070;
8697;
6713;
12358;
5956;
10124;
478;
14033;
11890;
5706;
12588;
4091;
6018;
7547;
11561;
439;
15663;
4089;
4585;
13770;
776;
14225;
15002;
14527;
13008;
2113;
13921;
13488;
1803;
12235;
8222;
6689;
11075;
4513;
2726;
8170;
14332;
3273;
8048;
9562;
14357;
14990;
5991;
7184;
6971;
9904;
3931;
3906;
13827;
12578;
2193;
986;
890;
7457;
5602;
7846;
15421;
3815;
4296;
3725;
15545;
14664;
11172;
11001;
15086;
2674;
4535;
15339;
15146;
1314;
4790;
12809;
11300;
8896;
3528;
6352;
15150;
11797;
14234;
6348;
15585;
13180;
1450;
13327;
11345;
8692;
15493;
9054;
6187;
8129;
3659;
11086;
6680;
13288;
1310;
14824;
8566;
15028;
2269;
6367;
2868;
9271;
669;
14483;
15104;
4285;
1409;
11212;
3604;
11570;
9817;
5317;
3837;
879;
7154;
8495;
1181;
9895;
5019;
4460;
2607;
7986;
12727;
5245;
10425;
4256;
13919;
1444;
13095;
1095;
4449;
1529;
4179;
13252;
13271;
14722;
1628;
8162;
8253;
3556;
3196;
7007;
7658;
4831;
12191;
13694;
13079;
14927;
6043;
10534;
14233;
4978;
7710;
15317;
11548;
3913;
7693;
12922;
7958;
6645;
609;
13889;
1811;
4999;
7012;
12075;
12154;
10969;
11832;
11466;
5808;
1108;
7762;
1490;
10742;
4430;
5717;
202;
11666;
2099;
3651;
116;
11529;
14774;
11252;
5322;
8119;
10689;
2814;
11967;
2144;
12893;
5739;
8384;
13394;
15335;
3626;
10874;
9261;
11914;
1894;
12777;
663;
7615;
260;
12519;
3436;
11584;
14979;
11016;
8067;
15542;
9343;
14903;
9352;
10591;
11426;
2257;
1429;
10066;
4359;
13342;
11902;
1721;
10418;
5391;
5768;
6381;
8819;
7863;
9688;
5449;
14128;
6797;
3150;
15121;
7046;
4106;
1362;
9101;
8506;
3889;
1320;
10717;
2098;
9736;
15001;
5409;
14379;
9032;
5041;
2592;
12063;
3374;
6002;
7581;
4350;
1092;
8834;
4788;
14277;
7155;
6577;
9420;
1229;
15684;
5117;
15283;
12010;
6719;
10411;
3148;
5055;
6287;
4375;
6225;
7368;
7374;
3873;
6029;
1284;
9602;
10949;
10705;
12306;
8174;
15123;
2424;
5321;
14595;
12966;
5649;
2112;
7014;
4067;
6211;
9776;
4598;
5072;
9148;
6350;
4914;
11984;
15131;
201;
11277;
10005;
6708;
1713;
14660;
4723;
8591;
13091;
8088;
10044;
4492;
14020;
13069;
58;
8821;
13349;
15063;
4498;
7108;
14676;
2800;
4687;
8432;
1356;
2313;
333;
10233;
13532;
2406;
9477;
6765;
8563;
3375;
5194;
4415;
868;
12169;
3107;
5908;
9812;
2217;
533;
7530;
589;
3612;
6095;
5867;
3002;
5507;
3328;
12741;
14065;
6386;
5777;
11533;
13572;
1547;
14866;
8196;
98;
5584;
4412;
7407;
1483;
14708;
1055;
12968;
146;
14621;
11753;
1963;
1567;
2444;
1039;
14031;
14618;
4421;
5555;
11718;
12382;
14274;
826;
14575;
4269;
15361;
1588;
13743;
11743;
8982;
12584;
6570;
7413;
14255;
353;
2758;
7828;
5213;
8427;
13838;
5162;
9306;
12515;
10941;
5255;
3657;
7482;
11308;
13127;
1297;
4358;
10497;
3857;
3363;
14417;
7806;
14508;
6444;
10503;
3621;
2141;
8204;
14093;
14402;
3625;
5871;
2040;
5018;
12276;
6060;
8002;
9342;
2049;
15114;
10058;
8992;
9496;
14693;
10962;
7652;
1213;
6424;
11095;
11176;
5897;
433;
14943;
8387;
6914;
14955;
10240;
3416;
3278;
5320;
12438;
3716;
1697;
7258;
2708;
11810;
15473;
6852;
10116;
5947;
13909;
13777;
9581;
6635;
3617;
14440;
7053;
1669;
11149;
4463;
12058;
14316;
10360;
6410;
14278;
102;
8146;
8396;
873;
8493;
10376;
3351;
14466;
10549;
4151;
269;
10045;
9104;
3163;
10588;
14464;
14073;
78;
3950;
934;
10466;
7075;
8918;
2949;
3462;
12328;
3080;
15031;
6939;
13178;
4758;
11776;
5129;
5068;
15101;
9545;
583;
2548;
13773;
15363;
4543;
14345;
1437;
12996;
318;
6051;
10515;
2317;
2051;
12555;
13259;
10322;
10519;
12784;
5941;
7856;
3372;
9102;
308;
7478;
10203;
7013;
3040;
14524;
4593;
10891;
13667;
14507;
15082;
9084;
14623;
8537;
11127;
5737;
10320;
10940;
165;
1755;
9937;
3548;
263;
3708;
8297;
7945;
15692;
5471;
6717;
12113;
10617;
14448;
13360;
14975;
12940;
7747;
4694;
13984;
10181;
4537;
12275;
5280;
10704;
10316;
11501;
12685;
7909;
4387;
7497;
13242;
323;
14311;
9486;
1579;
780;
5484;
2233;
3188;
8930;
8114;
3876;
14341;
5959;
7218;
6276;
9799;
10245;
7191;
690;
7696;
10607;
14730;
1948;
6534;
319;
14995;
13090;
1841;
5621;
3740;
4459;
2515;
14151;
6384;
10278;
8922;
14612;
12585;
14452;
1975;
6532;
8679;
9267;
13424;
2759;
8525;
15326;
941;
6620;
8699;
15003;
14191;
6411;
295;
774;
13051;
15108;
14105;
5031;
8357;
7520;
12682;
5849;
6730;
5240;
11976;
5502;
15007;
3139;
8626;
14534;
2565;
7996;
5475;
11560;
173;
2553;
13604;
2828;
14526;
4017;
10947;
7487;
7029;
14161;
9431;
12599;
14053;
4458;
15568;
7858;
2940;
1586;
3532;
4239;
1942;
206;
11110;
11147;
2054;
10188;
2331;
11621;
5217;
1895;
14409;
7141;
6368;
3265;
8848;
9574;
6767;
8607;
10714;
12543;
5522;
12206;
2287;
14989;
15625;
11964;
14116;
11191;
3613;
5201;
539;
7855;
14998;
13202;
2798;
3501;
11691;
5661;
10755;
306;
12925;
5185;
11492;
13742;
10665;
6639;
3190;
5289;
7595;
13489;
8778;
7040;
6427;
13071;
13059;
4030;
5576;
1161;
14732;
3431;
11084;
4206;
2015;
2987;
2036;
7538;
11802;
798;
7741;
3218;
169;
8698;
12823;
1859;
11744;
9507;
5719;
6317;
4226;
6646;
7645;
4950;
7577;
5000;
7272;
1075;
2411;
12404;
338;
3554;
12432;
9974;
5534;
1938;
5346;
4942;
994;
4020;
3417;
13123;
12321;
833;
15597;
2534;
207;
13;
15623;
1149;
1390;
6074;
1554;
14851;
2908;
1695;
6007;
4916;
6217;
9327;
1541;
4365;
13413;
4987;
15528;
6302;
8065;
7783;
9888;
9848;
1978;
9386;
8302;
7803;
8767;
3089;
14718;
14883;
13494;
177;
4968;
7467;
8758;
6468;
12266;
11284;
6415;
15261;
2242;
10767;
6993;
1041;
14574;
4542;
4837;
6484;
7160;
2912;
14287;
9470;
15294;
4466;
6714;
5611;
15634;
11494;
7025;
9079;
12052;
3064;
12699;
7118;
13348;
8538;
13602;
9318;
15075;
8060;
9873;
10693;
2107;
11901;
1635;
10375;
11610;
5626;
12237;
7788;
7055;
1172;
5712;
14697;
1846;
4340;
6399;
9553;
15387;
1257;
13917;
9043;
14619;
13940;
10540;
15044;
11820;
9543;
9227;
8246;
14638;
12092;
12688;
3420;
4339;
3929;
5558;
6849;
314;
14930;
12838;
14437;
10729;
6776;
14896;
4055;
3602;
14578;
698;
4008;
5106;
2044;
9090;
11617;
3087;
8406;
12987;
10664;
14343;
13818;
6659;
3110;
7991;
4255;
8414;
418;
4446;
15038;
9977;
2456;
12414;
13007;
6613;
816;
13883;
6649;
14515;
636;
255;
7294;
5458;
10964;
2599;
2777;
6674;
3225;
3749;
4481;
10003;
15546;
10489;
12195;
10370;
11354;
10908;
2088;
14372;
13084;
1408;
9228;
8651;
12401;
6455;
647;
14322;
3701;
1057;
8218;
4026;
4121;
5710;
5356;
5296;
3676;
4889;
370;
5832;
2303;
11963;
10424;
9901;
13771;
3775;
11467;
7196;
161;
9492;
15582;
7730;
15510;
13542;
7715;
1611;
8168;
52;
2172;
10215;
6288;
6293;
13858;
13299;
5598;
14726;
3379;
15153;
2906;
13956;
5987;
2027;
14167;
7479;
1731;
8730;
359;
13356;
675;
9765;
15072;
5986;
3173;
12643;
13087;
5708;
13761;
8550;
3728;
1926;
413;
4400;
4624;
13019;
2330;
12545;
1936;
13745;
4086;
81;
13785;
11915;
13113;
13589;
1080;
378;
9437;
8009;
15680;
1179;
10001;
5338;
9326;
8978;
15448;
9859;
5730;
13736;
4335;
419;
3251;
7381;
4888;
2530;
2047;
1308;
2250;
14960;
3988;
5015;
6075;
13158;
2316;
14489;
6522;
4654;
12529;
4389;
2968;
8644;
1084;
4383;
8634;
15611;
4665;
8599;
7641;
11406;
11770;
11775;
13226;
15424;
7837;
6420;
12644;
9006;
6290;
11451;
4756;
11841;
1332;
13646;
11378;
14656;
11238;
14201;
11332;
4096;
4386;
5349;
12455;
10679;
8642;
7935;
14283;
6055;
7180;
2298;
3479;
13012;
2628;
613;
10768;
5982;
13515;
9662;
4309;
9721;
3900;
13057;
386;
10342;
11925;
12380;
4682;
3387;
2810;
15032;
2615;
8798;
667;
11216;
11526;
13086;
63;
4764;
11473;
2208;
4833;
14380;
14768;
2236;
6511;
3590;
12694;
11142;
8389;
4666;
3199;
2721;
7959;
14148;
10731;
5219;
6326;
9441;
9941;
3102;
4298;
11708;
5575;
11047;
10923;
2904;
3606;
32;
11054;
6749;
13544;
14724;
8907;
898;
5733;
14019;
9862;
8904;
2299;
1291;
6879;
2414;
3653;
3682;
9726;
2039;
3560;
12614;
390;
9066;
2228;
13978;
3595;
14874;
3401;
5969;
10506;
12755;
10369;
6025;
11090;
4820;
627;
6996;
1014;
11414;
9838;
7502;
10685;
12904;
12005;
13499;
10500;
3616;
9886;
12997;
13338;
5753;
7324;
14997;
6806;
3731;
11185;
15107;
12641;
10423;
8029;
9524;
9754;
9520;
9640;
13995;
15064;
11448;
6502;
14312;
4759;
13189;
4952;
8710;
5927;
4611;
7178;
3544;
15076;
9239;
5037;
9945;
4875;
11880;
11586;
12635;
12353;
6396;
12969;
2872;
7282;
2890;
674;
10557;
4867;
14141;
6868;
9557;
12420;
8058;
6560;
11275;
14991;
7743;
12859;
6935;
12368;
9864;
9115;
215;
6413;
5652;
1430;
5480;
11329;
9950;
10564;
9870;
14815;
2683;
13706;
157;
7277;
15376;
9996;
8411;
7966;
893;
6707;
7410;
4170;
1282;
4019;
5042;
12263;
2340;
3077;
10556;
5514;
1856;
6110;
13997;
11597;
10792;
457;
7593;
11236;
13391;
14240;
2635;
2488;
6323;
2811;
15051;
5786;
4171;
6597;
5426;
12008;
12884;
10864;
8339;
13687;
10775;
5815;
1793;
6716;
15015;
9785;
13578;
6375;
15035;
7427;
3189;
571;
3785;
7199;
6011;
9127;
2207;
5412;
7023;
15171;
4191;
6535;
13223;
13566;
5540;
14218;
6651;
14241;
15142;
3279;
11064;
5595;
204;
11530;
12924;
5251;
9910;
9281;
7631;
4717;
4954;
11107;
12906;
13245;
11341;
10992;
6124;
4244;
13465;
593;
10796;
2453;
3702;
13831;
8610;
7549;
14630;
580;
8738;
14982;
10068;
2373;
3941;
7207;
15158;
10494;
1480;
4806;
11756;
1344;
13935;
7362;
15126;
7558;
4095;
8486;
5483;
1253;
8606;
12017;
11782;
8962;
15413;
5586;
15219;
14354;
10088;
7749;
12345;
14264;
11049;
12952;
8874;
1304;
10299;
6487;
10104;
9499;
7905;
10916;
15360;
14367;
3358;
13357;
5925;
3780;
3419;
12124;
15615;
7748;
11269;
195;
10541;
12522;
11316;
12178;
10251;
7801;
12032;
8092;
2873;
11662;
2748;
1560;
4160;
2797;
10575;
15169;
886;
15388;
2926;
11806;
3581;
10678;
12259;
751;
5314;
6128;
14061;
7620;
13119;
8735;
12647;
14077;
5566;
9719;
2938;
12374;
290;
5093;
10267;
11258;
7736;
6435;
3642;
14408;
8262;
5340;
14214;
14217;
1847;
646;
1787;
885;
7885;
11294;
1668;
9381;
14843;
6096;
15394;
4604;
10239;
9348;
4785;
15188;
1195;
10490;
11094;
3796;
7587;
13478;
10473;
7328;
10471;
7732;
8988;
5591;
6488;
4355;
9269;
11080;
13561;
13102;
3867;
11504;
8678;
5955;
9774;
12323;
5423;
9145;
2998;
1279;
8772;
2888;
13611;
10350;
11923;
14485;
13649;
13066;
903;
11505;
13520;
8762;
7777;
14800;
13716;
8728;
12205;
14029;
10778;
12486;
12459;
997;
5214;
9022;
420;
7173;
12876;
7186;
13506;
14119;
14822;
9341;
3620;
4331;
14064;
12466;
3104;
14841;
1171;
13134;
2076;
1672;
5446;
389;
12103;
15553;
1513;
6872;
8306;
6658;
21;
2638;
7474;
10576;
8891;
14248;
2491;
13243;
10366;
14256;
6974;
11953;
12084;
9265;
2547;
5171;
13236;
9498;
9550;
8440;
9055;
7687;
10069;
13576;
14320;
12313;
1293;
14271;
683;
2586;
10772;
7373;
11539;
10646;
73;
5732;
11524;
15078;
10041;
11796;
2869;
5844;
15647;
9490;
12517;
2701;
13174;
5367;
14620;
11015;
14537;
10845;
5553;
5707;
9559;
2285;
5658;
14609;
13409;
11822;
1219;
15287;
11100;
9691;
15653;
5462;
2839;
349;
12016;
8928;
11828;
9579;
7313;
6561;
3975;
11389;
5116;
10911;
11123;
532;
8013;
6839;
10110;
6464;
238;
8239;
12711;
5105;
14082;
12452;
13195;
9031;
11331;
4873;
5400;
4591;
13809;
13864;
1663;
5793;
6272;
5636;
3553;
4178;
12953;
6120;
7113;
12511;
1496;
815;
9439;
14157;
5961;
3644;
11663;
4306;
7043;
8943;
9658;
4038;
14721;
6953;
4149;
3000;
10143;
3881;
878;
14079;
3514;
6498;
4683;
6711;
4679;
3784;
5992;
6329;
4920;
4511;
9216;
6822;
603;
129;
1286;
6626;
4049;
6014;
2596;
1993;
11745;
3302;
14172;
5565;
14769;
4078;
4041;
15030;
9681;
4767;
13172;
10468;
6092;
15391;
6031;
14650;
14170;
2645;
15195;
6902;
5144;
1788;
9641;
13846;
4094;
8473;
7399;
6242;
1419;
10976;
5620;
5806;
5198;
11320;
8099;
10177;
10862;
5980;
9123;
6663;
8840;
9472;
3019;
10821;
10880;
13047;
14293;
13677;
11609;
6214;
2084;
15045;
7576;
9223;
9587;
11840;
11962;
11703;
13290;
13588;
5428;
11048;
1718;
1111;
14188;
6387;
9745;
14884;
8105;
5051;
9837;
1844;
3169;
1825;
6147;
999;
7213;
5640;
2823;
7844;
6404;
11022;
2571;
4371;
5248;
14570;
11932;
15192;
2005;
8530;
9898;
6355;
4425;
5336;
687;
3078;
13849;
3549;
9657;
6579;
4860;
7870;
10928;
13129;
247;
7784;
15459;
1186;
4432;
15329;
5262;
10178;
3480;
4632;
11674;
11025;
3288;
13077;
11006;
3156;
13762;
7206;
12978;
14789;
4467;
14637;
5990;
753;
5001;
12679;
9664;
2718;
12512;
787;
2354;
2637;
642;
6360;
6758;
178;
5612;
12977;
7529;
14558;
13989;
4060;
1866;
12561;
5193;
1976;
6134;
11322;
7700;
8139;
11248;
809;
8448;
6851;
10255;
8376;
12264;
1383;
11761;
14819;
10080;
10089;
13345;
90;
6271;
2763;
6866;
8145;
7306;
9366;
3679;
9939;
1021;
12653;
47;
8639;
3418;
9687;
14976;
4877;
8186;
10939;
8629;
11749;
3893;
545;
11937;
11669;
15106;
2928;
8741;
13004;
10271;
2291;
6813;
7445;
3559;
604;
10073;
11532;
11125;
12492;
14334;
924;
6243;
3622;
15588;
68;
1203;
11537;
11783;
11315;
11443;
10007;
8623;
2173;
8019;
2754;
2029;
5781;
6986;
12207;
11111;
7550;
4190;
516;
1414;
2671;
10614;
4380;
14216;
14880;
9855;
9677;
8424;
10552;
5478;
1882;
7685;
11074;
4749;
6650;
981;
8261;
7465;
12239;
6518;
15008;
3046;
9026;
10512;
14764;
9319;
7221;
12675;
15516;
5641;
7039;
9993;
2605;
1396;
13562;
3733;
12336;
2175;
1415;
10546;
10391;
4594;
7843;
6580;
5821;
7320;
13339;
5186;
10452;
9863;
4075;
8187;
13550;
14895;
15636;
2967;
11626;
14482;
13882;
10412;
2243;
3032;
3081;
9720;
8755;
3264;
990;
11881;
3884;
5169;
491;
15603;
13313;
7104;
5624;
3025;
7472;
13263;
11625;
2119;
6967;
2387;
2483;
9672;
7580;
2459;
12210;
13415;
15397;
4077;
7755;
1979;
15209;
6230;
9374;
12036;
8746;
14894;
13029;
7674;
9201;
658;
5148;
12458;
13797;
6524;
3718;
8597;
7654;
2310;
9030;
5494;
13575;
14833;
664;
8316;
10563;
13471;
8852;
8587;
5891;
12600;
10446;
1742;
2973;
1350;
1551;
1507;
12903;
6227;
13859;
9282;
12346;
4866;
8480;
950;
10048;
298;
4246;
6605;
8416;
392;
15592;
3062;
7569;
4213;
107;
5108;
6266;
628;
12900;
8266;
6238;
6593;
4252;
3697;
1093;
4508;
12581;
8805;
10420;
12665;
12554;
4455;
12065;
11813;
11977;
14102;
3488;
1977;
12656;
14100;
2366;
8259;
3819;
13673;
8489;
7086;
6691;
2223;
10362;
10521;
2344;
9396;
8229;
7770;
2785;
11607;
3170;
15062;
9218;
3390;
3730;
11297;
6648;
5431;
10008;
4619;
7851;
13183;
9423;
1281;
6888;
9179;
3871;
13511;
5810;
11705;
1653;
1457;
8648;
15484;
7772;
1830;
13270;
4770;
6913;
14863;
7901;
14739;
5461;
3761;
4437;
12563;
12894;
655;
9200;
755;
6705;
13253;
15485;
8230;
1455;
8161;
1733;
76;
14383;
644;
5937;
2246;
12833;
10935;
6556;
3758;
1206;
6889;
15687;
2706;
4014;
6281;
3845;
7724;
11270;
1418;
11447;
502;
2077;
121;
3542;
12874;
10105;
8789;
8602;
3925;
8630;
8983;
8128;
5111;
14967;
10216;
5142;
6087;
2685;
13746;
6692;
4364;
13295;
14538;
9588;
11230;
170;
12528;
6855;
10715;
7542;
4254;
10387;
3778;
10328;
11043;
6900;
11978;
4039;
9632;
11432;
11936;
11274;
12757;
3954;
3145;
927;
6093;
9907;
1306;
9682;
8169;
10609;
7471;
5432;
3986;
3519;
14671;
11859;
1910;
15164;
11826;
13446;
14393;
7702;
13691;
6706;
9771;
2657;
5971;
10827;
14454;
12044;
4586;
4559;
1592;
3824;
7599;
10046;
11521;
10915;
14069;
13225;
402;
9879;
12072;
220;
2261;
14823;
10415;
5645;
7622;
6196;
7899;
4506;
13162;
741;
8895;
3751;
6462;
12747;
1294;
11004;
10622;
12792;
3312;
984;
7782;
6544;
6068;
4897;
3380;
4504;
10846;
9206;
12143;
1597;
13100;
9821;
1494;
2292;
10589;
8666;
8889;
11223;
1407;
8076;
13855;
13682;
9737;
6793;
11033;
9725;
1369;
13860;
7799;
12043;
7524;
9892;
4280;
5605;
14413;
6132;
7026;
7910;
8362;
6782;
12184;
6558;
12748;
5161;
4005;
7164;
13676;
13422;
11424;
14438;
7578;
11707;
14267;
3031;
14002;
3440;
11441;
7136;
8872;
4869;
5063;
13454;
13851;
237;
80;
11420;
1037;
1696;
5804;
15691;
15119;
5663;
1237;
3997;
15402;
14828;
9659;
15365;
5864;
15245;
10819;
8939;
9369;
2642;
14120;
7426;
5714;
10739;
9157;
3772;
4650;
7166;
11602;
4315;
11129;
1700;
7514;
8611;
13315;
12399;
5865;
3896;
26;
1193;
14780;
142;
5352;
9652;
4798;
8365;
6408;
3687;
11444;
2280;
10543;
9530;
8006;
13760;
1499;
13045;
14567;
8024;
1065;
601;
2190;
14977;
10018;
11140;
13750;
14606;
3295;
8908;
661;
949;
4872;
10442;
3008;
3099;
5721;
15210;
2499;
9635;
4953;
10114;
5648;
9809;
6047;
1840;
1358;
8449;
5183;
9701;
6236;
8079;
14603;
4451;
15223;
9513;
6589;
3056;
7963;
15237;
12381;
8069;
2929;
13022;
11723;
622;
182;
2071;
11367;
711;
2002;
12621;
15264;
15496;
5138;
11930;
9955;
9039;
11550;
12062;
1249;
2003;
6969;
15023;
716;
3467;
15540;
10304;
9325;
11695;
13038;
4581;
8215;
11549;
11989;
5613;
196;
15511;
10730;
14912;
1003;
8434;
4642;
14132;
904;
4307;
12231;
10709;
9929;
2632;
6984;
13185;
8111;
979;
6678;
7612;
15555;
11982;
8221;
6732;
5099;
8483;
4090;
14657;
2362;
10925;
9645;
5651;
10551;
9457;
3181;
7087;
9865;
6332;
347;
11187;
7344;
12034;
6454;
7168;
5722;
2070;
9948;
11343;
14593;
15349;
11417;
6739;
12505;
6278;
9850;
13922;
10356;
7435;
12343;
4327;
1100;
15675;
1703;
5049;
12781;
1091;
9922;
4031;
383;
8661;
9609;
5838;
10958;
7201;
8194;
9789;
8509;
10246;
2085;
1109;
416;
925;
4317;
5137;
8260;
5277;
14966;
8116;
9156;
844;
5128;
1851;
2087;
10100;
6289;
8451;
3047;
8769;
11722;
10287;
14488;
7030;
8066;
6419;
834;
14110;
10133;
12362;
12408;
10279;
4261;
10650;
12942;
3210;
12979;
8622;
9082;
13946;
11108;
9514;
6353;
12033;
7268;
9693;
1542;
11157;
9829;
5603;
689;
2769;
2363;
14856;
8137;
15494;
15454;
12868;
14568;
4182;
5080;
5243;
13850;
9531;
15389;
12912;
1913;
12817;
9763;
7705;
4118;
3609;
7682;
3788;
5646;
5060;
13872;
2891;
1863;
7434;
11614;
4;
623;
4765;
742;
3601;
5541;
5216;
2202;
7857;
4771;
643;
9780;
8658;
14987;
15214;
7891;
4025;
9133;
12252;
10840;
4606;
6206;
7872;
3841;
15502;
14123;
1694;
11739;
14916;
1656;
12322;
11960;
2386;
12422;
3510;
12808;
6286;
3309;
9676;
1783;
12012;
2966;
6084;
1952;
10389;
12553;
9854;
13399;
4300;
2115;
8998;
10318;
324;
1247;
8935;
15604;
10438;
9448;
7391;
9467;
13261;
15340;
7475;
3320;
8452;
3307;
6167;
14309;
5011;
5841;
14810;
12086;
4411;
7708;
794;
6547;
11884;
4164;
6316;
7590;
7185;
8391;
2378;
4009;
6960;
10736;
9750;
8865;
5734;
15295;
14013;
7873;
2469;
6249;
703;
7691;
10545;
8291;
9053;
14675;
9757;
5441;
10995;
9429;
8731;
10456;
1949;
8995;
7337;
5050;
8012;
13981;
4124;
1652;
4754;
2127;
2371;
11778;
10448;
14645;
4602;
8225;
13830;
11860;
14576;
13382;
6301;
778;
7734;
3545;
2953;
3862;
4263;
3882;
965;
13920;
13579;
2179;
10149;
14184;
10890;
14442;
9897;
1645;
4345;
5415;
7845;
6273;
11310;
11747;
3448;
14261;
7033;
7526;
2492;
1458;
795;
4730;
9957;
8022;
13216;
12514;
10243;
1024;
4343;
9035;
4621;
8429;
8997;
15175;
12524;
1848;
8043;
5061;
3213;
4264;
11631;
11170;
5366;
509;
15212;
8163;
953;
9916;
10017;
11551;
7240;
10594;
15319;
11760;
15046;
7257;
1594;
8958;
6773;
13929;
14703;
4302;
6736;
9442;
15525;
11239;
12107;
13126;
8775;
7481;
15138;
5121;
8070;
12499;
2556;
6785;
4732;
1126;
9130;
9970;
4832;
4198;
14597;
7618;
119;
4659;
4956;
1505;
3158;
822;
5560;
7744;
4664;
10580;
15444;
267;
8220;
4589;
13693;
1317;
2097;
906;
13481;
13384;
9952;
9748;
3036;
12780;
2068;
8589;
13273;
5979;
10886;
400;
10931;
15392;
9475;
9521;
1177;
9607;
3661;
4228;
7301;
12672;
6625;
6694;
5655;
4435;
13244;
7211;
87;
1004;
11390;
4644;
8793;
12516;
3069;
7264;
6818;
12431;
11087;
9069;
4485;
9204;
4142;
1266;
430;
15652;
4547;
5878;
5983;
15250;
6805;
14224;
13822;
9634;
5425;
10015;
4748;
6200;
10284;
11916;
7912;
5763;
11063;
717;
197;
1941;
5323;
13105;
2374;
8744;
3961;
8524;
5587;
14237;
8461;
15477;
194;
3300;
14066;
2389;
11836;
5218;
3506;
2064;
9702;
9353;
6963;
7539;
5419;
13556;
5625;
36;
6017;
4043;
12992;
13186;
3389;
4625;
2273;
15465;
5812;
4905;
3022;
5627;
4452;
242;
9923;
6543;
4085;
4147;
344;
1151;
5798;
15133;
13804;
2962;
13983;
15613;
8123;
9841;
2764;
12269;
8905;
7987;
393;
14108;
10359;
8198;
2209;
12939;
10757;
12481;
3137;
7431;
869;
5136;
4844;
14911;
7401;
15229;
7504;
8824;
13470;
5002;
5301;
6268;
12413;
13155;
14661;
6795;
4836;
6542;
3054;
8463;
3483;
9095;
4217;
8739;
11359;
2288;
4167;
8011;
5384;
4630;
11139;
7148;
5362;
2557;
910;
9379;
3634;
4376;
11002;
2859;
14928;
1935;
3250;
1857;
4391;
7091;
7351;
8267;
14084;
9426;
1417;
11788;
3781;
12652;
11188;
10628;
3608;
15471;
1098;
4042;
6856;
6664;
8408;
6930;
10208;
2150;
14913;
11168;
6823;
6422;
11518;
1321;
5884;
3959;
13916;
8529;
14229;
5383;
7804;
4163;
2796;
13023;
2568;
9603;
2680;
8074;
1584;
13463;
11809;
1373;
7666;
9395;
7259;
3994;
7646;
8422;
11440;
8637;
14196;
12467;
10570;
12567;
14582;
4793;
7941;
9796;
6815;
3806;
8705;
4980;
11240;
92;
4258;
2009;
4074;
8786;
5309;
2484;
1322;
8237;
10741;
8286;
4316;
6869;
2927;
12253;
9822;
11357;
2827;
3983;
8691;
8996;
3779;
6026;
8929;
11077;
11324;
9344;
13229;
12926;
4173;
7703;
9464;
1472;
14199;
11655;
10850;
10395;
1475;
2323;
6139;
13672;
3130;
14056;
9;
11697;
5672;
1900;
8717;
8861;
9578;
10706;
8544;
1288;
487;
12896;
6482;
9372;
9772;
13336;
3481;
11546;
518;
12291;
14920;
14631;
9751;
12890;
6451;
15505;
7437;
8558;
6598;
3520;
187;
7061;
2267;
5283;
4491;
5275;
6519;
4933;
7717;
14670;
6614;
11543;
5455;
9522;
823;
14805;
5510;
11622;
2103;
11126;
2244;
10839;
7120;
8753;
10959;
5918;
10199;
9061;
2276;
14964;
249;
1762;
6687;
4083;
8040;
271;
5671;
15403;
4136;
131;
15280;
668;
8617;
7931;
10029;
13802;
12973;
13321;
6533;
6475;
2852;
12200;
5124;
13752;
10919;
1058;
2487;
6574;
4366;
14471;
13751;
7965;
2325;
15270;
5382;
838;
11883;
525;
14097;
8136;
13887;
8091;
9810;
8911;
1985;
15524;
1276;
2218;
15330;
559;
14208;
5291;
8075;
10113;
348;
8740;
11938;
3161;
13476;
5848;
8016;
14118;
9667;
5678;
14298;
14592;
7084;
4819;
1036;
13942;
11135;
7107;
14171;
12821;
14924;
3717;
6735;
5524;
12365;
13054;
9956;
6975;
13272;
11394;
14215;
11659;
3526;
7790;
13377;
15184;
15518;
14007;
10504;
12812;
10743;
10433;
5687;
11336;
1698;
4507;
2435;
14838;
6787;
13392;
3006;
11232;
913;
7990;
1678;
13806;
9683;
937;
8608;
12981;
12364;
2895;
2704;
13508;
438;
14573;
12591;
9595;
3795;
3454;
2460;
3926;
12138;
4998;
1810;
1556;
2733;
4979;
3195;
12551;
15043;
13215;
8810;
8785;
3955;
14626;
10735;
13472;
9020;
3874;
9383;
10154;
4155;
14127;
6507;
14355;
10875;
181;
5572;
12722;
4871;
3744;
12701;
10611;
13461;
12215;
13124;
3583;
11921;
13452;
8600;
3522;
5748;
13876;
719;
5313;
4544;
12593;
1807;
5440;
1395;
5316;
1460;
9257;
6240;
8568;
4494;
654;
15457;
2474;
5860;
10762;
1440;
13541;
3433;
15036;
5241;
9766;
7470;
4521;
2738;
554;
2016;
5811;
5078;
4656;
736;
13437;
1025;
12121;
11265;
1105;
1535;
13347;
11896;
12197;
10195;
1515;
15227;
9905;
13993;
1987;
10410;
216;
6944;
9519;
2230;
5879;
7638;
11807;
10893;
10282;
13595;
2000;
5579;
6347;
13214;
3051;
3442;
9868;
3672;
9046;
14587;
5723;
1323;
2647;
5783;
791;
14602;
740;
10312;
4209;
12283;
12897;
723;
9900;
4967;
12594;
1470;
3243;
14846;
8073;
6425;
12385;
11457;
10428;
2504;
7198;
10062;
3868;
464;
1461;
8034;
1530;
10725;
11789;
594;
7898;
8471;
9455;
11751;
12375;
6583;
1385;
8919;
11572;
5380;
2995;
14465;
5191;
9367;
1822;
7780;
2578;
14461;
14411;
7224;
14257;
14820;
10657;
2858;
10225;
9221;
2159;
8863;
9027;
557;
5174;
10128;
12133;
4540;
15401;
7274;
14137;
3457;
5097;
3475;
6899;
1425;
3940;
14405;
6116;
14848;
12164;
2473;
10612;
9644;
2232;
10710;
9885;
6090;
415;
7070;
13791;
9400;
7490;
12494;
9911;
3911;
5736;
6279;
13211;
811;
4618;
331;
4918;
4727;
5538;
11463;
12879;
9295;
1377;
15203;
11734;
503;
8684;
132;
13764;
8232;
3369;
2311;
2736;
13257;
6195;
13182;
7105;
972;
5005;
9871;
15385;
6342;
12902;
15144;
4971;
3034;
6072;
14652;
9303;
5492;
8185;
3090;
3236;
4516;
12448;
2052;
945;
1;
7973;
692;
6337;
13334;
10912;
11740;
11924;
2624;
2319;
911;
8112;
14318;
12245;
7636;
9468;
6510;
408;
3534;
7505;
6695;
5511;
6401;
15427;
608;
5302;
7629;
1932;
13073;
15662;
10698;
14629;
7466;
2883;
9874;
14605;
1773;
15240;
363;
266;
9988;
1103;
13719;
8745;
4577;
9238;
4840;
4440;
13146;
715;
11729;
2696;
11829;
3194;
1992;
569;
8003;
7432;
3415;
15172;
10230;
15202;
2102;
4932;
4886;
14263;
10257;
13433;
3283;
7486;
5422;
797;
11830;
14074;
2893;
7516;
1691;
4646;
1192;
10842;
6938;
6514;
8457;
5377;
11235;
10315;
5154;
14844;
3704;
3249;
11534;
3406;
3131;
15408;
12172;
5355;
15305;
13062;
5030;
3817;
13199;
3566;
8773;
8707;
8502;
743;
7225;
6262;
10903;
15071;
12440;
6443;
11876;
11677;
12602;
1599;
7879;
7090;
5928;
10968;
367;
8570;
6508;
15416;
12870;
764;
8292;
1416;
4227;
11117;
3340;
2630;
12141;
4385;
345;
8527;
3880;
8925;
1174;
5816;
4472;
5933;
3383;
5581;
7917;
1596;
7623;
10658;
6088;
12877;
6117;
1334;
14431;
7882;
5521;
14678;
3705;
1464;
15274;
7807;
12468;
1911;
7459;
7045;
5424;
10522;
10227;
1352;
1816;
5881;
1873;
3066;
10566;
15027;
461;
3345;
13740;
8845;
13724;
3531;
7376;
709;
2417;
1973;
15341;
6836;
13948;
13114;
11231;
3381;
12548;
10444;
13972;
14388;
2564;
4568;
7254;
4034;
7452;
11192;
5833;
15258;
9354;
9869;
7238;
6223;
10013;
13403;
6142;
5204;
1370;
13623;
2851;
10242;
12714;
3972;
14091;
11012;
325;
10336;
14654;
6015;
3212;
10214;
12576;
9735;
1361;
6048;
9270;
11639;
14493;
8296;
11771;
3030;
4303;
7423;
2887;
6541;
5399;
12911;
10039;
1889;
10587;
531;
6874;
6107;
12851;
9617;
4735;
14879;
2914;
10829;
3082;
14877;
8900;
11649;
5716;
4571;
13545;
13096;
3215;
10528;
4474;
13700;
13861;
1300;
9132;
615;
8327;
13222;
11874;
9699;
3205;
5629;
12510;
13254;
11599;
14352;
14258;
1868;
2028;
13279;
13278;
6886;
862;
696;
5503;
4595;
2609;
12765;
10887;
12796;
3976;
7217;
9582;
10967;
7334;
1621;
1301;
5269;
470;
11436;
1843;
13319;
3726;
13466;
3425;
8219;
13310;
13819;
4379;
7975;
2019;
10956;
3024;
7625;
2220;
15178;
13060;
1158;
8584;
12273;
2900;
4609;
12068;
7621;
3587;
14319;
6527;
14200;
3930;
14162;
15256;
4418;
6494;
4157;
7354;
4530;
14353;
12613;
9070;
14825;
8858;
3763;
4680;
13731;
198;
12078;
12277;
12832;
12982;
11885;
8300;
3666;
14516;
2348;
10816;
1708;
5554;
1096;
10290;
12369;
15567;
11814;
5417;
6831;
3128;
4436;
4275;
6741;
12970;
13513;
6199;
4168;
7683;
11455;
100;
673;
8703;
2293;
8348;
8656;
4909;
1020;
15333;
7210;
12534;
5756;
11301;
2369;
11594;
4082;
7534;
13505;
9450;
12093;
14235;
10211;
13251;
4937;
6170;
12980;
1715;
3222;
7382;
9347;
6982;
5803;
9048;
7712;
3147;
3840;
708;
2855;
9072;
15060;
7556;
7456;
5972;
8053;
1523;
4966;
5526;
496;
15198;
4222;
12795;
259;
11637;
3410;
3683;
7753;
7519;
5819;
1401;
8883;
1351;
15468;
2177;
14070;
768;
14327;
2898;
3652;
14134;
15645;
5407;
10355;
13181;
4131;
14706;
5898;
15579;
1766;
7604;
928;
14279;
6769;
7280;
3823;
12383;
276;
2162;
140;
5960;
13609;
6728;
10600;
476;
14130;
12552;
4784;
7537;
5207;
2505;
9124;
9380;
2802;
6066;
15669;
1050;
13156;
4912;
14691;
3711;
10671;
14617;
6781;
7130;
2919;
1076;
835;
9710;
5931;
8940;
4607;
12616;
566;
6437;
1880;
1200;
6619;
13788;
4634;
7065;
7450;
5656;
12450;
12292;
12971;
12691;
11118;
11202;
11213;
9819;
13040;
1107;
14317;
1578;
11758;
14251;
8039;
11611;
11167;
274;
5307;
7269;
7522;
2184;
2951;
5975;
4973;
12667;
2646;
8933;
1420;
5677;
12376;
538;
15132;
8089;
106;
2829;
45;
1912;
4573;
8283;
12073;
9233;
10659;
1680;
8713;
311;
11070;
7215;
1922;
1537;
1982;
6880;
2125;
3076;
3268;
4447;
1244;
7444;
11326;
15137;
657;
2523;
1540;
10804;
14160;
5230;
2167;
9025;
3769;
2788;
8950;
7707;
14351;
3989;
1590;
3471;
6039;
11598;
11209;
4684;
4629;
10323;
10155;
8126;
11545;
13024;
8967;
307;
10337;
15409;
11363;
9709;
3719;
14723;
2617;
5981;
4363;
13521;
2542;
2879;
1157;
2089;
14993;
4357;
7718;
235;
11369;
11686;
1212;
4419;
2762;
9797;
14376;
14280;
5532;
10754;
6495;
6710;
4522;
9484;
3057;
2502;
2045;
6843;
2688;
7390;
4874;
12199;
4887;
7157;
6103;
6951;
8987;
6377;
13386;
13464;
726;
12407;
860;
13755;
5210;
4740;
6312;
11590;
7591;
8508;
13924;
9705;
9307;
13429;
2078;
3219;
12491;
1512;
10027;
9203;
12520;
2961;
9202;
4348;
4066;
954;
1336;
12615;
14032;
4439;
7957;
10656;
10006;
13106;
14985;
10713;
2923;
2146;
955;
14686;
10357;
1254;
9828;
9131;
7439;
4329;
9338;
13590;
7364;
5268;
7554;
7358;
10406;
1477;
15167;
5064;
8167;
12449;
14751;
1448;
9017;
1647;
2147;
919;
3392;
9315;
3371;
6229;
4174;
3805;
12749;
6224;
11846;
9985;
10732;
3343;
10640;
7398;
10981;
14340;
2342;
12240;
2053;
6768;
2747;
1828;
1150;
12482;
10486;
12664;
11143;
4946;
5509;
11211;
4838;
2915;
7244;
11889;
13635;
7319;
13965;
4372;
13280;
10532;
2032;
14821;
13927;
13153;
8956;
13734;
10268;
15415;
5528;
9508;
1601;
12786;
232;
4556;
4856;
12179;
9734;
10945;
2270;
9253;
5229;
13372;
4635;
8347;
8282;
13296;
4983;
2760;
11790;
14297;
3003;
7312;
6417;
14112;
14746;
9075;
1804;
15221;
13893;
15083;
4649;
7937;
9921;
1027;
4527;
8140;
13400;
5392;
14546;
4282;
6995;
13266;
2865;
14198;
832;
6945;
7052;
289;
5697;
6157;
6607;
12908;
9825;
9539;
9882;
12161;
7142;
105;
15097;
710;
6567;
4021;
5606;
2324;
7110;
15014;
10759;
7761;
3186;
5643;
12984;
11875;
3238;
13497;
14428;
14103;
14590;
13184;
8086;
5076;
5420;
15233;
8533;
12403;
12729;
9731;
1479;
11684;
12568;
12887;
830;
15118;
3714;
6584;
3427;
8359;
2297;
6611;
2882;
251;
11305;
15073;
9839;
731;
1182;
7219;
1944;
5635;
2206;
8368;
13322;
3272;
4093;
5693;
6458;
10074;
111;
4201;
5921;
2309;
1112;
11835;
4289;
8518;
3846;
6205;
14674;
12430;
4033;
12214;
3422;
14934;
10187;
12327;
4189;
8507;
6566;
1675;
6105;
8702;
15498;
11219;
11380;
14313;
4225;
2876;
5;
4237;
11267;
14195;
3386;
1839;
14266;
14369;
10040;
10810;
5861;
9166;
1125;
10158;
8646;
12867;
1798;
10733;
3208;
13552;
3942;
11894;
12799;
5995;
11372;
3575;
6130;
6666;
10253;
2124;
4613;
8650;
2608;
15308;
1990;
15314;
5856;
11566;
15565;
5751;
1456;
8038;
14039;
13628;
9329;
11422;
1797;
10324;
1654;
2438;
3366;
8618;
552;
8742;
619;
358;
14397;
10526;
10126;
4251;
7453;
11727;
3524;
11347;
1506;
15013;
996;
9706;
7865;
12071;
13563;
3266;
7624;
6340;
12498;
13032;
15689;
5774;
13932;
380;
4029;
8947;
8876;
2878;
1953;
3859;
3365;
11581;
13228;
1757;
14430;
15156;
11636;
7433;
8405;
3517;
7494;
4224;
10332;
6433;
14772;
12441;
13169;
10809;
12919;
13398;
4468;
10347;
5709;
7275;
12985;
6126;
12260;
7559;
10783;
14392;
5368;
1241;
6282;
9717;
6845;
15288;
10012;
6875;
11582;
15562;
6346;
2838;
2405;
6530;
14608;
11472;
3100;
4554;
6006;
8392;
2241;
732;
10638;
4969;
974;
8108;
14659;
8975;
13196;
6909;
6654;
1500;
13960;
932;
7153;
4287;
12961;
4868;
1940;
11249;
4902;
8811;
14790;
11229;
13704;
3361;
13484;
12964;
8759;
15685;
3235;
12186;
13221;
13591;
13774;
13250;
4069;
15440;
9692;
12211;
7672;
12830;
7847;
3790;
13504;
13161;
2075;
2295;
12434;
7985;
15682;
10647;
7766;
10690;
9690;
6602;
13383;
8287;
6724;
5527;
4438;
3641;
9740;
1625;
10464;
11495;
10081;
6394;
4816;
5913;
4004;
6446;
14714;
10032;
12390;
4814;
14088;
11536;
6391;
9552;
7792;
275;
2181;
8671;
10217;
8674;
12527;
13468;
14946;
3197;
4939;
13614;
10780;
9099;
13715;
15069;
1758;
15557;
15612;
9277;
11646;
12160;
6774;
3619;
7170;
2170;
2963;
2622;
14559;
6044;
2455;
209;
4402;
2160;
5272;
10186;
12629;
13101;
12216;
14205;
5683;
6457;
10578;
8545;
845;
5189;
10485;
6027;
6549;
14081;
11350;
1129;
14122;
11286;
1602;
15;
5750;
13238;
635;
12770;
5637;
375;
3183;
14473;
3523;
4272;
9931;
2516;
11121;
1835;
1870;
5482;
12774;
2538;
14510;
3167;
14011;
8015;
12518;
3908;
6081;
11635;
3742;
5202;
3992;
10229;
5010;
8734;
9889;
4890;
4882;
5146;
13671;
5025;
2475;
6100;
11998;
4760;
9182;
11969;
9989;
2478;
8768;
11071;
5942;
1918;
15201;
6557;
7842;
10498;
12607;
10975;
14439;
582;
1011;
8289;
2274;
3267;
14947;
13317;
843;
10799;
15217;
1465;
4590;
11951;
2986;
3423;
3346;
15521;
13110;
5447;
264;
14517;
963;
11920;
8472;
7531;
12692;
665;
2740;
3388;
2163;
4799;
7886;
6890;
1030;
13814;
149;
9500;
13592;
10421;
12506;
12221;
12039;
13109;
7;
7757;
9385;
11133;
219;
6322;
7952;
1357;
8582;
3574;
327;
6159;
152;
12026;
13435;
511;
2555;
9016;
1631;
555;
11366;
14010;
3521;
6138;
2713;
11578;
13613;
2625;
616;
5556;
497;
3707;
10016;
4426;
3991;
699;
14889;
4605;
6244;
3999;
3453;
6428;
15466;
11988;
7071;
7911;
4690;
6235;
8419;
6627;
3965;
8203;
13176;
14891;
9251;
10004;
3970;
2350;
2767;
330;
4580;
9511;
6102;
368;
7932;
15512;
5393;
15084;
7613;
4338;
15292;
14961;
1960;
13167;
4957;
14696;
14016;
256;
15247;
6398;
7943;
756;
14142;
8887;
3727;
7586;
11480;
10623;
10264;
4063;
4208;
248;
7458;
4423;
11933;
7869;
11559;
6207;
7946;
10830;
11897;
13913;
1796;
5840;
14831;
468;
12478;
6965;
11685;
13316;
9368;
1364;
12526;
9534;
12687;
9170;
12790;
4311;
8151;
10310;
11105;
1743;
15658;
12623;
5454;
11368;
2215;
5675;
6568;
1756;
4512;
12030;
3765;
11510;
7630;
1185;
317;
4661;
15460;
5628;
2792;
4977;
14550;
10707;
3692;
3863;
4675;
14561;
7786;
13035;
15302;
2610;
515;
8573;
9399;
9517;
3246;
10306;
5842;
6799;
84;
4336;
10303;
14072;
5168;
8100;
12717;
13805;
13480;
4257;
4692;
9312;
10142;
11922;
3491;
13653;
11313;
9600;
7922;
9331;
2114;
11325;
4753;
15674;
4532;
12960;
3518;
5160;
7814;
14925;
9086;
4120;
6870;
14835;
767;
6135;
7289;
9412;
472;
5887;
11405;
7051;
12831;
15105;
14709;
10520;
6430;
1115;
13410;
14498;
13958;
3354;
9826;
15602;
982;
6857;
876;
12720;
4610;
13173;
1920;
7058;
3596;
3337;
6827;
14873;
15642;
12325;
12834;
12905;
252;
1662;
12305;
8953;
7713;
9097;
1604;
9232;
12015;
4450;
1815;
14529;
184;
8251;
9073;
3174;
15017;
7271;
13053;
8109;
3599;
9293;
11088;
14887;
6022;
4092;
6946;
2897;
9059;
7632;
15462;
3656;
1289;
6548;
13170;
4056;
490;
639;
14886;
2659;
12589;
5348;
10824;
7485;
12888;
10838;
1013;
2655;
12100;
11961;
9491;
10561;
4154;
10727;
6833;
1991;
10826;
5416;
2844;
892;
9551;
11781;
4394;
12174;
10764;
12;
10202;
766;
4368;
6600;
1983;
3580;
9656;
9964;
2201;
1488;
12053;
10677;
12864;
11958;
5728;
285;
14481;
7286;
3176;
7956;
6119;
13000;
7978;
1022;
8244;
1250;
1260;
7015;
8828;
4777;
10146;
13548;
4185;
14971;
13362;
11653;
10618;
13190;
11205;
5835;
3663;
2700;
750;
15393;
6892;
10794;
7115;
4502;
14389;
2037;
5250;
5545;
13765;
6461;
14153;
3902;
10691;
10699;
4781;
11155;
1881;
15313;
11333;
7036;
12331;
6959;
980;
4024;
6496;
12863;
11319;
1118;
7634;
4054;
1410;
2782;
5698;
6665;
14140;
2636;
4813;
1934;
14337;
12618;
7836;
1290;
2833;
12485;
11113;
9732;
12474;
3750;
7082;
8188;
9715;
3875;
3240;
2237;
4823;
1188;
13852;
12745;
4744;
9899;
15257;
10028;
9454;
4830;
153;
7378;
9002;
4579;
2749;
4592;
7293;
3827;
13618;
15425;
8346;
2849;
8252;
13365;
2554;
15111;
126;
14289;
883;
8615;
229;
2830;
7833;
2725;
8412;
14210;
6931;
14242;
4802;
14897;
6786;
10688;
13389;
9118;
1752;
11516;
9968;
1031;
13658;
10220;
12187;
4959;
12064;
13800;
14136;
8857;
11387;
10746;
8499;
1897;
2490;
4456;
11227;
7028;
505;
8258;
14222;
14361;
5350;
11059;
2503;
7341;
6373;
1399;
5501;
1772;
15637;
12272;
7561;
10042;
2445;
10194;
417;
11302;
15029;
15535;
1958;
14358;
4221;
9392;
9425;
6034;
15163;
12587;
15601;
5496;
2916;
12350;
2030;
11975;
5519;
8360;
12196;
10426;
7771;
3977;
9738;
6379;
19;
5073;
492;
15135;
12019;
8827;
1836;
8409;
9840;
11020;
3565;
2289;
3129;
8315;
12145;
6459;
6079;
12251;
8689;
1950;
15447;
3632;
3041;
10429;
14782;
8593;
2296;
6745;
482;
8439;
10663;
2634;
10501;
13093;
6656;
4671;
12640;
12752;
11630;
2841;
10700;
7200;
14951;
10669;
2080;
3281;
4162;
4052;
13639;
5047;
2560;
13645;
234;
12246;
10681;
11427;
3155;
5791;
8817;
5187;
12088;
12523;
12213;
10782;
315;
2994;
15399;
4578;
14766;
11527;
9459;
14704;
15054;
13376;
14753;
14163;
15311;
11871;
2573;
9402;
4325;
3438;
3098;
3016;
7560;
4027;
9019;
7325;
2667;
9154;
9801;
8049;
1240;
6512;
1827;
8061;
12027;
11358;
11041;
12173;
1379;
7818;
1606;
1485;
7314;
11334;
14107;
12163;
13795;
12379;
10793;
9981;
8752;
11470;
7448;
8341;
3476;
1905;
12125;
4707;
10135;
1258;
6632;
5220;
3605;
11186;
3746;
7216;
6575;
6071;
7288;
12076;
6038;
8329;
5805;
8912;
6491;
14921;
13594;
15564;
3277;
6934;
6070;
12801;
10419;
15079;
2591;
7263;
5577;
1775;
11907;
191;
7088;
6884;
14532;
6423;
2151;
1342;
14014;
11181;
11506;
3818;
920;
15260;
15573;
10121;
3939;
2383;
3558;
10060;
10098;
10835;
14459;
7232;
12301;
14281;
11385;
13378;
5695;
3306;
13790;
9189;
7129;
12477;
585;
8295;
2648;
9247;
8438;
12229;
1996;
8677;
15461;
5910;
9960;
8870;
14477;
12676;
1754;
305;
11728;
2944;
245;
5880;
11005;
10258;
9704;
12079;
3850;
5544;
8890;
5110;
1239;
1484;
10525;
4501;
909;
10413;
3636;
520;
14239;
10075;
14552;
15343;
9010;
7392;
3577;
8113;
13046;
3768;
12055;
14900;
13130;
6738;
3741;
10455;
7077;
15124;
7823;
973;
10598;
3037;
8364;
3953;
11412;
4058;
1311;
9164;
8686;
3063;
6261;
6141;
2381;
7273;
8981;
11869;
8875;
4353;
3505;
8906;
8944;
15529;
14770;
11651;
11668;
8437;
3538;
7517;
10929;
12705;
6671;
9411;
1684;
7243;
6772;
2687;
560;
9944;
1073;
7900;
8274;
1984;
3802;
7321;
10639;
8179;
2266;
3984;
14301;
10065;
3724;
8733;
1389;
1765;
14131;
8579;
4917;
9622;
11083;
14209;
11097;
1692;
15200;
1382;
10508;
6921;
1106;
14520;
7728;
1236;
6255;
4424;
11944;
6460;
10626;
8774;
13230;
162;
8934;
4533;
7477;
2910;
3821;
7953;
6362;
6395;
10038;
14937;
1927;
6726;
14360;
2741;
10932;
12943;
4923;
4894;
10054;
705;
15316;
13616;
4374;
10107;
13759;
8801;
14009;
8945;
6179;
12556;
15173;
9723;
9122;
13749;
376;
262;
12646;
14373;
9546;
13867;
13097;
15338;
1128;
14817;
4480;
13526;
506;
5491;
8135;
9237;
7171;
13031;
4975;
2946;
12549;
6814;
2775;
7342;
12995;
3458;
9908;
411;
15159;
6794;
15629;
18;
15598;
7420;
6834;
1365;
2933;
3967;
14338;
2807;
14262;
297;
9042;
9918;
3838;
1639;
15507;
14565;
13367;
5877;
12209;
3909;
8250;
5664;
12963;
11994;
4850;
10517;
4212;
13373;
1812;
722;
15120;
1767;
8855;
15378;
9418;
7340;
2463;
7356;
11344;
12377;
5267;
14480;
11250;
7220;
6994;
3879;
9268;
1248;
12604;
7914;
7050;
72;
15016;
2845;
602;
5224;
14269;
8331;
5288;
5370;
11061;
891;
8468;
5853;
4786;
15252;
2038;
11228;
3038;
13973;
5583;
4346;
11947;
3936;
13456;
5310;
15561;
3586;
13120;
4172;
1729;
13907;
6497;
14476;
15593;
14041;
8820;
6324;
3530;
5087;
12439;
3357;
3378;
897;
1008;
10701;
4901;
12391;
3105;
465;
1155;
4262;
576;
4012;
13900;
12771;
1261;
8534;
8445;
13601;
5512;
11484;
6740;
4548;
2060;
449;
10462;
11640;
9447;
9378;
12719;
10422;
4509;
831;
2894;
11045;
14034;
7970;
4150;
10798;
14988;
3825;
6638;
13198;
5457;
4127;
6080;
10384;
6630;
6972;
8474;
12352;
2627;
11648;
13138;
14115;
11131;
13152;
10476;
9142;
12445;
12435;
8371;
513;
4783;
9310;
15543;
9162;
5089;
606;
749;
7774;
13148;
4762;
11453;
5516;
10367;
14901;
13507;
8305;
7250;
5998;
1402;
257;
6129;
7079;
6981;
15531;
5776;
7982;
1740;
4981;
6859;
9568;
11558;
1714;
4695;
9932;
10093;
6256;
3327;
3044;
9226;
6294;
13112;
5843;
3103;
760;
510;
10571;
8325;
5657;
4202;
1063;
2346;
9958;
14368;
9523;
3165;
5361;
95;
5032;
2496;
2528;
13518;
942;
9161;
9302;
261;
10077;
12767;
9060;
9430;
2083;
8332;
3664;
14295;
3468;
14092;
575;
10507;
6838;
10883;
1285;
9243;
2525;
748;
9196;
3633;
15490;
6389;
4486;
1577;
8647;
11838;
7800;
7878;
8592;
12095;
8701;
12317;
2997;
4822;
9323;
7021;
2349;
4743;
983;
2957;
1632;
3668;
4367;
1242;
9847;
3635;
147;
10868;
493;
1550;
9762;
2913;
15640;
2268;
5083;
1015;
15595;
4399;
12560;
4293;
4961;
9359;
9286;
4377;
11452;
9536;
8886;
1283;
9526;
7546;
1946;
11700;
11461;
10238;
5059;
5404;
4098;
10683;
9049;
2948;
15549;
13584;
968;
8063;
4995;
11266;
7317;
3797;
1719;
7972;
11218;
5033;
9009;
13723;
7849;
9029;
5903;
8542;
13739;
12270;
6114;
3513;
11652;
7455;
10584;
1806;
12132;
7535;
13962;
3638;
10825;
825;
8491;
3709;
10484;
8743;
15463;
10910;
14037;
3826;
10099;
5282;
10241;
12862;
1610;
8965;
4352;
9034;
15372;
11574;
7528;
1481;
12827;
3441;
6143;
13197;
13089;
13467;
11402;
5223;
7752;
11811;
427;
1338;
12460;
10870;
13637;
11865;
9807;
3935;
10904;
7650;
5020;
6737;
6528;
729;
13241;
8816;
2971;
10495;
9675;
7322;
9137;
11173;
15088;
4676;
3192;
9064;
1820;
9018;
7067;
2862;
12839;
8459;
6937;
12061;
6371;
6595;
596;
13668;
15177;
10082;
14862;
5306;
12533;
10513;
6354;
6539;
2429;
7073;
13122;
8683;
8178;
5147;
8320;
3700;
10942;
10858;
10795;
13540;
10676;
10197;
12624;
8352;
11055;
15538;
8722;
3990;
14441;
12228;
8795;
3773;
61;
11180;
1552;
11867;
3808;
12785;
8669;
11702;
4569;
15242;
10593;
11487;
1313;
6233;
5818;
12359;
1295;
3466;
4101;
10853;
14286;
3123;
2982;
11587;
7343;
13359;
15323;
12700;
2123;
7648;
9830;
1885;
11011;
9023;
8556;
1937;
7887;
10573;
11076;
7299;
13884;
1071;
11768;
2719;
2462;
10672;
8175;
4334;
5363;
2614;
10430;
6873;
5912;
12416;
10797;
10219;
10922;
13656;
3861;
13681;
2819;
10913;
8482;
175;
15346;
6221;
3527;
10156;
8849;
11029;
15315;
10372;
1028;
13331;
6416;
2020;
5221;
14965;
11519;
6364;
1587;
4238;
3393;
8464;
688;
1335;
7601;
14759;
4454;
13420;
15681;
1879;
6049;
12167;
8358;
12813;
2795;
4288;
13411;
8838;
581;
11010;
1925;
5090;
11370;
13030;
5530;
12096;
59;
1903;
5800;
4427;
10861;
15116;
13807;
6948;
12410;
5150;
5817;
2675;
12657;
8503;
519;
12226;
8999;
966;
9071;
11952;
12147;
2263;
10568;
7925;
8344;
14449;
2780;
6220;
10991;
12761;
7493;
13430;
188;
477;
14226;
14865;
2055;
12815;
1476;
445;
15152;
13020;
7468;
9463;
6812;
9410;
6780;
1078;
15407;
5351;
4117;
1392;
12339;
6483;
15517;
447;
13239;
8812;
12632;
7739;
9345;
14446;
7701;
4948;
9544;
551;
7228;
11628;
735;
6345;
8207;
7860;
13828;
14685;
1510;
210;
1355;
6895;
4617;
10059;
1348;
4132;
4638;
12487;
11458;
11032;
11067;
3299;
8931;
5893;
6291;
13483;
15089;
10481;
9186;
8484;
15352;
7960;
5568;
14447;
7449;
6681;
15070;
13385;
5236;
1343;
1217;
3376;
2812;
3405;
15537;
6336;
8453;
11497;
9707;
9361;
4755;
14432;
10294;
3204;
12006;
14994;
2942;
8560;
12557;
6612;
629;
2305;
14412;
4180;
1582;
1346;
7503;
6883;
13517;
7686;
11183;
15519;
35;
12475;
2739;
10396;
2278;
9494;
7428;
3770;
8330;
4500;
3015;
6264;
14203;
13291;
14135;
15398;
13898;
8808;
8714;
11384;
9733;
2850;
9406;
77;
4713;
9674;
10378;
14639;
1661;
214;
15571;
7839;
15657;
2001;
10499;
9458;
14178;
1001;
5935;
11178;
5397;
4678;
6478;
9242;
8790;
2254;
4330;
1792;
10971;
637;
9538;
13431;
2866;
6118;
7928;
3998;
4215;
14401;
12284;
12532;
4057;
1566;
13121;
6188;
9963;
7889;
7049;
10431;
7754;
12443;
3509;
9768;
13951;
13381;
13977;
9250;
4349;
857;
867;
12791;
8578;
13641;
7609;
10585;
6844;
14690;
11974;
10745;
4536;
8531;
5158;
5206;
12686;
1074;
3685;
5883;
10083;
14733;
12348;
1102;
1220;
213;
452;
7147;
12308;
8209;
8628;
13350;
10037;
11445;
14418;
4068;
12756;
29;
233;
10896;
13878;
4382;
4015;
789;
4921;
4826;
57;
10924;
3305;
3028;
7085;
6683;
14291;
7119;
3833;
5466;
1997;
2979;
12290;
13361;
5281;
10435;
8299;
13414;
10944;
3227;
14640;
9504;
8764;
4558;
3214;
10339;
1088;
7197;
10488;
707;
3473;
3447;
9256;
292;
6573;
13151;
10401;
13680;
10848;
15093;
15412;
3026;
9666;
3529;
7222;
1770;
7964;
3200;
4528;
11910;
13988;
15515;
13735;
3091;
2621;
3800;
3923;
9408;
4410;
11721;
5065;
10108;
9266;
12508;
8138;
11568;
1780;
10402;
1018;
104;
6008;
15189;
13082;
10340;
1891;
14857;
1872;
12886;
12297;
1850;
7915;
6821;
10244;
1921;
14006;
11535;
1774;
9746;
7169;
12244;
7822;
8285;
2806;
15293;
2566;
6809;
8660;
6361;
14646;
4970;
13201;
13419;
6263;
4037;
5044;
6237;
13142;
9919;
13232;
3414;
9139;
372;
13220;
930;
13908;
3951;
15298;
5905;
10078;
3732;
5782;
3680;
15677;
4572;
3794;
4342;
14859;
700;
9626;
4312;
6690;
10132;
12495;
9978;
14330;
9610;
12938;
1256;
1923;
13358;
1486;
6045;
10358;
12050;
7506;
2815;
13652;
3618;
13406;
7209;
14893;
10084;
11892;
11360;
7512;
8436;
1312;
9362;
15594;
8771;
5539;
12265;
5517;
1302;
12846;
13529;
10388;
7002;
6245;
253;
2355;
3777;
5445;
11371;
7551;
2577;
672;
2922;
13502;
6894;
6003;
2918;
3407;
2877;
8206;
3848;
5498;
6517;
5343;
10265;
9289;
1651;
10191;
14384;
9172;
9128;
8864;
7134;
7146;
11259;
13246;
3254;
8027;
13615;
5711;
14475;
11220;
5467;
15324;
11596;
11785;
733;
4022;
3437;
9673;
3921;
3722;
5084;
1679;
14908;
6808;
9843;
4283;
2633;
13396;
2660;
1546;
14741;
2974;
10878;
12800;
2086;
6775;
12003;
504;
13401;
5713;
6762;
5773;
4429;
5135;
4603;
1739;
14403;
10275;
10286;
5134;
4266;
11564;
2613;
1423;
1042;
1801;
11698;
8394;
7854;
14152;
11304;
14183;
12762;
11073;
7651;
5263;
7056;
5944;
5215;
12783;
6370;
12183;
2854;
3452;
1201;
3184;
2843;
2449;
3631;
9078;
4620;
12188;
6743;
5270;
12507;
11193;
14850;
5666;
7633;
9294;
9541;
6846;
15638;
8706;
6499;
3647;
9065;
8475;
11403;
4464;
362;
6901;
12820;
14680;
14420;
13571;
3535;
9890;
1056;
12302;
10031;
15581;
4616;
1404;
2864;
9758;
12928;
5685;
15194;
5026;
2057;
13943;
4934;
8288;
7948;
9296;
9092;
3888;
3121;
8097;
15080;
8877;
11868;
7353;
498;
8242;
13923;
10061;
8318;
9716;
1110;
7908;
14779;
10136;
2426;
11442;
5114;
2936;
1307;
15650;
12366;
10289;
11675;
10477;
7484;
14651;
310;
10343;
11554;
7096;
2728;
7145;
2984;
6305;
12671;
5610;
11945;
6521;
6853;
14310;
11735;
11986;
1549;
3993;
11899;
6906;
7676;
1154;
1725;
1962;
14479;
13449;
8488;
14497;
1519;
5079;
6283;
12941;
4018;
3373;
3756;
7297;
12176;
4704;
10248;
2401;
4789;
4849;
607;
9364;
11194;
15254;
11096;
7579;
4084;
14472;
4273;
7989;
14829;
11569;
3134;
7436;
14707;
961;
12670;
12094;
3182;
8952;
8897;
1101;
3460;
9276;
11801;
5190;
10951;
6173;
7047;
11710;
3274;
8676;
12398;
14176;
7234;
9045;
14973;
4518;
4774;
11752;
1216;
9593;
3678;
7329;
2361;
11842;
5406;
14246;
8720;
8511;
6673;
8216;
14364;
1378;
8924;
409;
10982;
4557;
6949;
10644;
13539;
15649;
9537;
5775;
14956;
13685;
7379;
211;
3667;
7838;
15094;
15206;
3085;
2187;
8526;
139;
6763;
5294;
544;
3920;
13070;
13262;
6525;
8635;
2975;
11163;
11847;
13847;
7359;
2129;
9382;
8446;
14898;
11715;
14679;
7260;
7323;
8641;
8747;
8523;
1431;
2623;
13049;
4698;
12429;
4855;
8901;
1274;
8627;
2784;
2301;
1538;
10843;
7188;
1968;
5141;
7639;
1603;
13303;
14071;
12329;
9051;
14545;
15414;
11971;
11255;
5459;
11153;
11642;
7923;
7245;
14571;
3912;
208;
529;
2794;
1089;
2138;
5608;
14285;
12115;
9883;
2510;
6555;
11404;
14321;
5752;
8056;
2724;
243;
8577;
8614;
938;
3397;
678;
9760;
7311;
20;
605;
2955;
9529;
7821;
3494;
3914;
15303;
8549;
13621;
14022;
15686;
7242;
6421;
2234;
2056;
2339;
3233;
14999;
4773;
1337;
1116;
414;
7255;
662;
9222;
8846;
2781;
7938;
15396;
9038;
13971;
4724;
7389;
244;
11827;
633;
9695;
13930;
4757;
9244;
5801;
12662;
4122;
10417;
11362;
10103;
5402;
13519;
4878;
5799;
3614;
14186;
7859;
11942;
10621;
3482;
50;
14323;
13493;
6828;
12158;
6932;
4181;
4538;
10909;
13140;
13285;
13404;
12856;
5888;
3248;
8324;
4207;
12816;
14365;
12537;
246;
12419;
13191;
12709;
2980;
5945;
1759;
12852;
11120;
11821;
12232;
6241;
6030;
15018;
15344;
8257;
9608;
6407;
6615;
28;
9217;
10221;
14577;
1388;
2658;
10373;
2188;
429;
9942;
12162;
8264;
10567;
3706;
14728;
1146;
784;
11678;
9438;
13593;
12661;
8254;
10404;
935;
6704;
9794;
7462;
4751;
11151;
6581;
13834;
9982;
3698;
7997;
8910;
9913;
8621;
11065;
1502;
15090;
7816;
11352;
11175;
14050;
13265;
8184;
6882;
1147;
13640;
11196;
6296;
4166;
13207;
74;
6231;
12990;
4523;
11742;
12296;
7950;
3891;
11282;
12250;
8205;
2018;
4863;
535;
15583;
180;
11726;
6341;
11843;
8375;
13387;
7442;
4308;
10631;
2168;
5964;
11421;
3637;
1137;
10917;
3916;
6307;
5413;
7525;
10326;
13897;
11679;
14742;
6099;
12437;
5418;
2420;
6429;
2626;
8211;
4290;
49;
12198;
8326;
10026;
2343;
7438;
8498;
3424;
13147;
6174;
15290;
5069;
15495;
3234;
7680;
3655;
11886;
13767;
12373;
10330;
10703;
2930;
852;
1967;
6163;
13733;
7563;
15012;
14814;
5233;
11023;
2249;
13402;
4709;
7763;
14572;
5686;
2537;
12798;
4782;
14057;
3061;
8081;
2329;
4116;
10537;
12695;
451;
1791;
14580;
14288;
10470;
11731;
500;
2857;
15199;
14598;
5156;
757;
1629;
3844;
5477;
4925;
14303;
11280;
15358;
3490;
6923;
5529;
6344;
14564;
203;
11660;
4204;
2964;
7787;
14762;
10907;
7292;
7016;
3168;
14701;
2140;
3010;
11900;
2395;
15310;
9612;
9197;
5130;
926;
13632;
9663;
12233;
14747;
4641;
4065;
9328;
2593;
2443;
11271;
2666;
995;
10558;
5705;
13670;
7602;
2431;
12710;
2322;
11312;
2832;
14698;
14910;
3072;
9636;
1255;
6434;
4240;
7897;
1462;
11562;
5376;
15619;
9724;
3237;
13686;
4036;
4129;
1180;
9231;
8420;
15102;
15438;
11340;
10662;
11799;
3443;
3995;
5863;
9972;
8303;
4854;
1702;
15042;
11724;
89;
13187;
12007;
14435;
13131;
12654;
13264;
9304;
11476;
12295;
6480;
1657;
14101;
6594;
11225;
14795;
13617;
5460;
7977;
15478;
7817;
9694;
8469;
1735;
2101;
9076;
15544;
2761;
13772;
7461;
14260;
6315;
7690;
10432;
5003;
9903;
1818;
5231;
2375;
5166;
11373;
7765;
9419;
6115;
6260;
9158;
11725;
2532;
1563;
11794;
3894;
10185;
2970;
7266;
5634;
4742;
14048;
9106;
8899;
7508;
14347;
6825;
5035;
7393;
8051;
1051;
2720;
13455;
3585;
7758;
7124;
5552;
11177;
15688;
11608;
12577;
1044;
14799;
7114;
2892;
5747;
13204;
508;
2104;
1683;
10212;
10051;
7513;
2581;
8807;
13961;
14422;
4045;
15590;
5091;
14681;
8425;
6603;
3109;
15074;
13453;
5388;
12592;
2441;
918;
14543;
463;
5882;
8059;
3985;
13074;
11970;
9487;
15633;
9208;
8853;
5563;
15367;
13931;
14902;
13664;
13495;
11145;
8278;
5994;
2611;
6409;
10064;
12225;
9373;
3947;
227;
9167;
199;
5178;
302;
10988;
962;
15419;
5381;
12166;
8977;
6005;
1292;
5930;
4076;
1616;
12999;
8522;
6265;
14189;
3688;
10866;
2033;
2282;
11965;
9488;
4984;
15487;
11571;
15434;
5013;
931;
8969;
15272;
13353;
11036;
15181;
11489;
7156;
9096;
2399;
5923;
2656;
9849;
10334;
5094;
13477;
3377;
14228;
15605;
437;
8680;
8521;
11303;
13789;
1167;
8281;
617;
13308;
364;
7227;
8936;
11750;
4612;
1211;
11292;
9856;
9564;
5357;
5703;
406;
12769;
12810;
8902;
15321;
8765;
2730;
771;
133;
6569;
15296;
5607;
8809;
3710;
7678;
8171;
138;
10505;
2901;
12721;
14460;
574;
9275;
8182;
5571;
1119;
5592;
14067;
8107;
3207;
611;
3736;
10627;
2790;
10213;
10297;
6679;
8256;
8279;
7339;
6962;
765;
9832;
3496;
652;
4234;
13309;
120;
2640;
15143;
10720;
3353;
13527;
4403;
11996;
13928;
11418;
1218;
12914;
11954;
4597;
13412;
3757;
6219;
4510;
14601;
3301;
8395;
5334;
7840;
9934;
11478;
5476;
2155;
3226;
2134;
14040;
8313;
8270;
15673;
820;
2889;
11633;
6807;
8382;
2465;
10288;
11093;
12597;
11245;
4378;
3615;
13871;
5386;
12933;
8228;
2476;
10694;
6830;
8;
1837;
8685;
9515;
8393;
4332;
2837;
13375;
5557;
12320;
10740;
3162;
7793;
15500;
5342;
12921;
10344;
12298;
11307;
12354;
3224;
3570;
6228;
12280;
4929;
3439;
12282;
7751;
7419;
8893;
12609;
9696;
8249;
4710;
6490;
8098;
5917;
11014;
1924;
14314;
2165;
8916;
9280;
3242;
3352;
5593;
10377;
4879;
12853;
2432;
2367;
11538;
2203;
521;
7412;
8536;
14227;
2716;
4565;
1790;
10965;
12681;
6715;
9290;
2664;
15621;
11600;
11719;
9755;
12564;
3971;
5394;
2821;
2380;
11091;
13803;
7330;
5077;
13192;
659;
8822;
3895;
6161;
3292;
14202;
15362;
988;
11156;
13950;
8926;
2497;
6622;
14462;
12041;
9613;
2681;
13025;
279;
5311;
9951;
12871;
11009;
14963;
13009;
11000;
13092;
818;
10009;
1986;
4895;
3974;
12013;
3144;
1134;
14710;
10510;
7032;
339;
3132;
12954;
847;
9781;
10667;
7992;
6479;
10382;
4640;
8455;
11934;
7093;
7276;
9671;
13194;
840;
11346;
2271;
874;
1122;
4347;
8670;
8823;
15034;
1141;
14899;
11849;
6636;
5043;
5970;
4718;
13573;
13912;
14193;
8663;
499;
14803;
5790;
12822;
4281;
13206;
14424;
179;
15591;
7310;
12025;
1012;
8888;
881;
7564;
4113;
5600;
10144;
12180;
12807;
6254;
8397;
60;
12168;
14491;
9990;
614;
8557;
8564;
1263;
10329;
2885;
11046;
10300;
1067;
15220;
11716;
13013;
7598;
10361;
10779;
12038;
11772;
15431;
4865;
8927;
15312;
4631;
11774;
14024;
10295;
1642;
13567;
3166;
9144;
4739;
4960;
14344;
3933;
1495;
15267;
1359;
9136;
12706;
7597;
567;
12139;
975;
9476;
12847;
14541;
13891;
4864;
13874;
11815;
8913;
10763;
8147;
14268;
4974;
6586;
6180;
9050;
3799;
13209;
33;
3444;
7541;
15151;
14918;
15523;
12177;
15255;
1722;
1329;
4064;
10226;
4294;
10560;
7841;
14381;
15470;
14853;
12975;
1727;
6562;
135;
5704;
11058;
8390;
2710;
5836;
12484;
51;
2519;
13210;
3918;
11737;
13963;
3143;
11364;
6222;
11624;
128;
10173;
14549;
4270;
4847;
6696;
13998;
15428;
13328;
2139;
802;
11672;
10603;
15606;
12547;
14854;
11800;
15668;
4715;
37;
12257;
3883;
3185;
11003;
712;
14855;
11939;
7785;
6840;
2644;
11190;
693;
10408;
14519;
6983;
9697;
2073;
8898;
3541;
4859;
5609;
3020;
11576;
7101;
13904;
6189;
1104;
13408;
11592;
15285;
15218;
9297;
15514;
13307;
99;
8310;
4857;
6753;
1569;
9893;
7126;
1433;
475;
5520;
13967;
158;
7144;
10581;
183;
13642;
14382;
6804;
9747;
3568;
2013;
10458;
9708;
2074;
6009;
13001;
6023;
15491;
9057;
13369;
8540;
7834;
1061;
863;
9062;
2506;
2993;
14457;
10055;
959;
15286;
10087;
38;
6185;
10335;
7233;
12156;
11613;
4839;
8478;
6418;
4503;
8007;
10023;
3767;
5745;
10234;
512;
9150;
14333;
9689;
15068;
14869;
8103;
12153;
13164;
6246;
15690;
6112;
11491;
13582;
1029;
10461;
9580;
15482;
3322;
15215;
8263;
11439;
6912;
14581;
4896;
2616;
12946;
4102;
14689;
9767;
1412;
12944;
889;
4705;
2448;
6697;
7647;
4265;
4941;
5914;
4750;
11027;
3623;
9857;
3153;
12566;
8806;
3083;
7949;
12294;
526;
1644;
2931;
8736;
11623;
15439;
11323;
10771;
12972;
9143;
14669;
7183;
15009;
9583;
7138;
9469;
810;
1763;
2567;
7089;
5427;
1498;
11318;
3303;
14378;
2364;
9623;
8096;
11557;
9759;
6565;
10863;
4861;
6365;
914;
2652;
11408;
12372;
10852;
2199;
7278;
2464;
9621;
1951;
12397;
423;
15300;
12254;
5932;
11450;
3686;
8850;
5759;
13711;
9795;
1508;
13663;
12674;
706;
4989;
11198;
1956;
10920;
14453;
1690;
1391;
1658;
13325;
5567;
6059;
7000;
6968;
14390;
11825;
5014;
15432;
13533;
14487;
8804;
3221;
7733;
10345;
14429;
12806;
13650;
12715;
6966;
5039;
2222;
8479;
9585;
8036;
6957;
14632;
15481;
9360;
5974;
12535;
1204;
14106;
13684;
13619;
6976;
5792;
6204;
15351;
10800;
11908;
3552;
5259;
5181;
5499;
15348;
15418;
6961;
2122;
4397;
7944;
5126;
12014;
12469;
3367;
12357;
14414;
870;
8149;
4944;
14755;
13727;
15277;
6274;
13744;
15157;
3043;
14760;
5180;
5325;
8552;
6177;
1215;
2981;
4662;
8062;
9207;
387;
2746;
14827;
8973;
4487;
14253;
11765;
9397;
6947;
7768;
5258;
13076;
2641;
5293;
12175;
13098;
14788;
7981;
5846;
14765;
2480;
799;
2409;
14962;
12236;
12181;
4900;
4165;
11134;
14940;
11525;
620;
11115;
10834;
10273;
109;
3492;
5594;
31;
13160;
8311;
9650;
5242;
6213;
14456;
15626;
3079;
2875;
14174;
12060;
2365;
12046;
7338;
10889;
11377;
4188;
10166;
4845;
10974;
7253;
15456;
7927;
11732;
2639;
7355;
5870;
14818;
9651;
7976;
2307;
13218;
2357;
5854;
3203;
9648;
9852;
4326;
4643;
15291;
14445;
5682;
3551;
14757;
10449;
8991;
405;
8018;
14005;
5922;
15020;
9686;
13966;
8662;
10260;
2283;
5580;
6016;
7095;
971;
2620;
3966;
10758;
7099;
13492;
5252;
2570;
11398;
922;
2679;
3905;
2183;
3497;
6148;
9959;
9120;
2757;
1646;
10447;
8794;
783;
14914;
10524;
3721;
3573;
13688;
5199;
5326;
13696;
1612;
5295;
3864;
3113;
7121;
8208;
13240;
987;
6438;
1471;
14098;
3350;
10453;
12913;
3071;
12394;
5115;
8094;
6058;
3816;
9229;
7318;
11137;
2493;
9008;
2847;
8057;
14306;
3669;
13212;
10697;
10118;
6927;
10492;
8517;
7193;
11257;
15066;
13945;
6215;
9909;
3598;
14455;
2407;
3426;
15576;
6847;
15506;
6509;
7649;
2196;
14754;
8401;
5279;
366;
14588;
14423;
11904;
1671;
4088;
1794;
5029;
3752;
6832;
7429;
6742;
13678;
14725;
4284;
10869;
15350;
2095;
6182;
13136;
8833;
8843;
13043;
14223;
5765;
4545;
8571;
9979;
814;
5249;
1947;
40;
9927;
9773;
15472;
13826;
1374;
6426;
6526;
11469;
1744;
14604;
2485;
13698;
1124;
2061;
4576;
14236;
5564;
7152;
15488;
13817;
14292;
1908;
14804;
1445;
9533;
11161;
8189;
14773;
2277;
7819;
14421;
11888;
649;
4614;
11850;
2410;
10860;
788;
12521;
8054;
4805;
1360;
4305;
12918;
15134;
13976;
5052;
312;
3946;
2240;
7511;
15442;
5196;
3359;
4044;
3829;
7396;
7903;
4320;
9940;
5755;
7080;
2569;
14398;
7714;
8792;
10459;
6035;
6492;
1861;
8190;
7773;
8667;
1231;
3223;
11008;
12202;
3934;
8014;
7204;
4199;
1686;
7179;
10125;
14813;
9998;
12994;
13067;
10346;
5395;
11565;
46;
8718;
4990;
8277;
1955;
4645;
14356;
14611;
15644;
1888;
9235;
8826;
365;
9571;
9332;
3334;
13905;
8791;
9714;
10354;
11612;
5769;
9446;
12931;
1349;
7607;
2006;
2312;
13125;
5278;
1886;
71;
9252;
13530;
686;
13813;
8104;
2148;
15672;
3335;
12274;
1532;
2952;
15039;
14047;
11144;
7123;
10327;
8815;
2920;
3743;
10436;
15183;
13811;
4517;
3058;
3654;
14017;
148;
6158;
1187;
7069;
5839;
10613;
13796;
3319;
534;
9305;
7667;
4003;
13899;
1522;
3987;
10224;
12949;
69;
7425;
9163;
6327;
15364;
14858;
3474;
14791;
9152;
1278;
3835;
6779;
14336;
15139;
2225;
5175;
13247;
5299;
3759;
2264;
4409;
8117;
2703;
14385;
7295;
15162;
6190;
13085;
5924;
15599;
15059;
391;
13516;
12355;
1650;
1328;
14938;
3133;
5829;
3160;
6295;
6259;
10616;
7499;
6414;
2867;
2286;
14085;
12909;
4313;
9497;
5070;
9991;
14832;
14366;
5237;
15641;
12773;
4587;
807;
6202;
2133;
13638;
10209;
5830;
12101;
12955;
5896;
7333;
10196;
7562;
9093;
12288;
578;
11488;
14907;
15125;
9407;
5758;
3011;
3511;
13620;
6720;
8142;
12848;
14775;
3296;
10056;
5533;
3275;
7998;
15011;
14890;
1097;
2662;
2185;
5414;
193;
5075;
5390;
14992;
5098;
8712;
14425;
11511;
5814;
12937;
1054;
1570;
9089;
1160;
2157;
1233;
12698;
13959;
13937;
3919;
11759;
11165;
11803;
15061;
7357;
1144;
8632;
9116;
9749;
12080;
11861;
9091;
13801;
4444;
8032;
13775;
11348;
5690;
7692;
495;
14450;
7827;
9866;
5744;
5360;
3786;
8749;
1814;
682;
4892;
8400;
11773;
118;
3127;
4651;
11028;
15342;
13287;
5760;
10254;
62;
11644;
2247;
3311;
2446;
11616;
5211;
9180;
739;
15667;
6376;
11433;
13549;
3449;
8115;
4028;
10753;
2382;
1832;
9058;
15483;
4230;
11306;
5062;
1198;
13055;
4539;
2337;
7737;
8276;
13324;
6653;
13234;
4299;
2779;
6297;
7167;
1271;
4846;
14109;
10445;
14785;
13722;
5684;
2654;
5120;
1795;
7510;
14536;
75;
7003;
12360;
10983;
3050;
5562;
7589;
1299;
421;
2393;
11620;
946;
12428;
14386;
960;
6358;
9346;
9456;
2584;
13014;
5209;
11479;
13371;
4138;
588;
10516;
5604;
13769;
1428;
6641;
13754;
5421;
13163;
14244;
3949;
6156;
7366;
2180;
2598;
10386;
9255;
3094;
4858;
4885;
462;
7888;
14653;
15395;
6162;
4241;
14349;
13473;
14849;
11214;
14682;
4249;
13237;
967;
1277;
13574;
1315;
11158;
11416;
3114;
5088;
9777;
977;
10807;
11361;
8046;
212;
2932;
12758;
5772;
10728;
7974;
10673;
1614;
13439;
8338;
7924;
3658;
3021;
10555;
8110;
5619;
11918;
10791;
1878;
6349;
2717;
15231;
3811;
851;
14579;
11786;
3671;
7920;
3342;
9460;
3760;
2131;
8590;
7853;
827;
3694;
2509;
2765;
943;
3035;
6634;
523;
13042;
7316;
5266;
1605;
9483;
8380;
6688;
8466;
7626;
11854;
10479;
2518;
3533;
8195;
14731;
10986;
11069;
2314;
11603;
8095;
8224;
4997;
5676;
9891;
13848;
586;
15241;
10341;
842;
4223;
2012;
3536;
13633;
1520;
12134;
13143;
10096;
12037;
9569;
9321;
12171;
11233;
14692;
7383;
12759;
14530;
3588;
9174;
11289;
4955;
5235;
5770;
2881;
11353;
2737;
1764;
1527;
12152;
14778;
13346;
2110;
8856;
3001;
14284;
14628;
944;
9532;
13757;
6448;
15345;
8166;
14614;
6684;
9881;
1133;
11848;
11798;
3703;
2789;
3330;
10633;
1099;
4356;
13709;
14871;
3828;
15455;
13116;
4913;
6920;
3830;
4337;
12074;
6860;
793;
12880;
1064;
1010;
10777;
6628;
3852;
12427;
1598;
8183;
3630;
11150;
3809;
1005;
9108;
10608;
9596;
4242;
2216;
2896;
7795;
5053;
190;
12651;
88;
2470;
15589;
1558;
9405;
2517;
14935;
5890;
14230;
8121;
9629;
8514;
13512;
12334;
9792;
12658;
11844;
6682;
773;
8407;
9786;
13144;
3187;
10232;
3074;
1524;
4958;
12157;
8030;
10071;
12910;
12224;
1705;
13306;
3904;
12803;
3450;
14086;
1548;
9548;
15235;
2069;
8784;
14867;
8830;
1709;
841;
5365;
10881;
14328;
3791;
2950;
5179;
5823;
5742;
6759;
143;
6905;
4738;
1517;
7081;
853;
15630;
13970;
790;
14868;
10873;
3171;
467;
9190;
3088;
11862;
4570;
2437;
9047;
10994;
3793;
12182;
10163;
8932;
548;
7933;
2109;
5297;
4183;
3106;
8575;
14275;
8757;
13901;
5378;
7527;
10788;
7553;
2260;
1184;
4636;
1943;
5403;
11645;
3589;
12271;
13034;
5700;
5822;
9036;
13833;
11898;
15297;
11845;
3487;
5968;
13447;
3543;
1676;
4991;
12400;
5359;
13149;
3807;
579;
4219;
10441;
9554;
4274;
10296;
9589;
13103;
13559;
15103;
7555;
12089;
136;
2831;
4152;
856;
6149;
3255;
13139;
11523;
10789;
2105;
12649;
4384;
13714;
9495;
10111;
6069;
13475;
7212;
2702;
915;
12022;
10590;
5436;
14434;
1072;
12502;
6863;
3910;
8654;
6979;
9210;
11222;
9798;
4726;
6943;
4945;
14015;
12797;
8148;
12261;
13577;
958;
15430;
4658;
6319;
13599;
8512;
917;
8837;
1751;
14207;
2684;
10049;
3455;
6144;
7422;
14812;
1474;
6817;
2960;
4811;
11464;
8275;
11311;
5253;
11819;
3290;
6734;
8335;
5290;
3550;
514;
5785;
7999;
947;
12056;
7326;
1802;
11754;
612;
12303;
3495;
3507;
7100;
2545;
7447;
11979;
13585;
7205;
9414;
15569;
14433;
4114;
4851;
10379;
14793;
11553;
1162;
14806;
1139;
3096;
10117;
12728;
3009;
4655;
10434;
12575;
9384;
7726;
4520;
11109;
1545;
3578;
10987;
2825;
7290;
10957;
10674;
2574;
1197;
13798;
8546;
8727;
1716;
8090;
12148;
15225;
3326;
14375;
3356;
6192;
3572;
1226;
14012;
11676;
369;
695;
1053;
6578;
4996;
13145;
12742;
12392;
10813;
2917;
10687;
14839;
2385;
14996;
13352;
5873;
8500;
282;
93;
7492;
13330;
6798;
11764;
13421;
14811;
5374;
11263;
9165;
10480;
4319;
7689;
9176;
7940;
5919;
15259;
14950;
2546;
9628;
10610;
9337;
9844;
8201;
1620;
3023;
5085;
3489;
11812;
11583;
805;
12901;
4555;
5993;
8487;
10400;
1148;
10231;
10072;
6089;
7298;
9680;
14717;
13665;
1194;
5401;
6432;
14931;
13596;
14557;
6050;
12811;
1805;
6652;
9300;
12542;
12723;
4048;
15024;
2514;
15056;
4196;
10024;
2551;
15390;
14881;
1386;
5212;
7759;
14238;
3915;
5247;
15005;
9409;
101;
14307;
8336;
12361;
6985;
1933;
15196;
4891;
5911;
14000;
11471;
13873;
10786;
3957;
10569;
5515;
9471;
752;
12082;
2695;
8202;
8351;
4626;
15154;
3562;
13622;
11693;
13217;
1689;
7125;
11351;
8008;
9784;
6596;
7417;
11253;
3958;
13938;
6750;
9301;
679;
5929;
9502;
13061;
9259;
2189;
1573;
1489;
6369;
11040;
6175;
9185;
10134;
14416;
6270;
14030;
1760;
4360;
2907;
7971;
12278;
13335;
5659;
6591;
13994;
10724;
5837;
6803;
15368;
9401;
10817;
6897;
9984;
11130;
11206;
901;
10655;
5100;
6553;
1536;
