8067;
8664;
13984;
14591;
8052;
876;
6307;
5032;
6373;
14818;
4670;
12515;
6895;
8742;
6139;
12088;
15095;
3253;
12899;
3183;
4924;
7952;
3091;
11266;
1846;
9495;
11248;
9117;
5196;
351;
1855;
4539;
12544;
2511;
11059;
12433;
1506;
3171;
11671;
11048;
3796;
6552;
13726;
4489;
5835;
3424;
9058;
5252;
13593;
5553;
3300;
888;
13915;
13093;
1182;
5592;
7026;
9211;
13868;
14172;
14870;
591;
1720;
13860;
13779;
13559;
6205;
10101;
8046;
13622;
6297;
8741;
1085;
3006;
4596;
8961;
12394;
9426;
15461;
13217;
9215;
10841;
3267;
8934;
14831;
4116;
6201;
14032;
3146;
10375;
10457;
6036;
1348;
3260;
12825;
7615;
8074;
966;
12618;
886;
9832;
14345;
11887;
11315;
5511;
8759;
12613;
14455;
15246;
11560;
13855;
8760;
7517;
6721;
8887;
1792;
2173;
8997;
12998;
2798;
14593;
5506;
2891;
1053;
3970;
6849;
3720;
2833;
5634;
10613;
392;
9201;
11045;
13647;
11969;
13458;
1784;
6193;
14672;
13049;
14559;
2180;
8404;
148;
15377;
2410;
14069;
10641;
14088;
1541;
1527;
2767;
4305;
11913;
13802;
4967;
13155;
11836;
9829;
5519;
2707;
8495;
6847;
8519;
2878;
4939;
4546;
3920;
7621;
7163;
13556;
9631;
10042;
4646;
6279;
10275;
6931;
4722;
4889;
8949;
11812;
2665;
526;
5039;
6590;
15429;
15175;
13965;
15160;
5027;
6166;
1663;
5642;
9044;
7703;
4152;
10022;
7987;
3092;
13708;
9577;
13854;
9692;
7016;
1945;
12753;
6172;
11986;
1759;
2635;
15547;
9006;
2287;
4683;
2953;
9263;
3735;
14066;
9191;
4877;
3388;
12907;
7104;
5492;
5038;
1530;
3218;
7844;
9580;
3282;
11540;
2720;
11634;
11200;
8085;
14971;
5589;
9748;
6681;
4802;
15625;
2824;
6118;
11594;
11650;
7303;
5904;
4311;
8757;
7913;
7928;
6595;
1918;
10556;
13508;
5735;
1989;
2813;
14988;
3170;
2630;
10329;
11276;
4769;
6192;
7974;
4739;
9383;
2110;
7591;
5748;
11649;
9508;
875;
9758;
14371;
1915;
4095;
13007;
5600;
8559;
12737;
9185;
11966;
2126;
13159;
4109;
3637;
5283;
10983;
989;
1669;
14520;
8915;
5087;
6427;
4313;
12730;
3266;
10727;
10028;
11233;
11822;
1389;
7901;
6252;
10923;
10802;
10142;
6502;
14824;
12913;
8010;
2918;
5201;
15257;
5572;
10138;
10326;
528;
766;
385;
8848;
2438;
12697;
12633;
8368;
9478;
3305;
13911;
8695;
9732;
9884;
5697;
10061;
747;
11406;
1440;
9589;
15193;
4001;
13036;
4445;
10223;
997;
6329;
10977;
10290;
6893;
7644;
6800;
14859;
7182;
1024;
13590;
11764;
8798;
14517;
1611;
11643;
5409;
14900;
13815;
14080;
14791;
13218;
4866;
3671;
4776;
3881;
15309;
8103;
13331;
11244;
4424;
9023;
104;
8196;
6265;
11180;
10583;
14248;
3824;
4595;
330;
8213;
6957;
99;
1821;
14103;
2794;
9113;
1562;
12019;
7707;
60;
8891;
4503;
13189;
12530;
13951;
3967;
6627;
12364;
9171;
7937;
4217;
11199;
2931;
6766;
2229;
36;
2432;
10896;
14550;
12325;
10694;
6487;
7398;
13574;
5475;
7822;
13548;
329;
11344;
15059;
5267;
4124;
12865;
2046;
11661;
9538;
14450;
13866;
641;
8544;
7711;
12480;
2440;
11592;
6924;
7604;
5288;
5533;
8183;
8716;
10089;
8671;
5255;
1202;
14053;
8221;
6818;
5236;
15532;
11734;
11249;
5466;
1242;
5349;
7849;
1951;
13730;
2167;
6394;
11185;
1834;
5609;
2628;
7197;
7084;
1835;
11402;
1936;
12740;
5969;
14890;
10620;
14968;
8552;
4876;
1294;
12461;
2243;
9879;
6705;
151;
6868;
11401;
4229;
5045;
3364;
10054;
4265;
13798;
6794;
1282;
5965;
4547;
14524;
15590;
13388;
3575;
6214;
6935;
1442;
9165;
7031;
461;
11700;
3191;
14662;
11252;
13098;
13631;
8705;
10610;
2518;
1859;
8254;
11317;
4296;
14928;
7652;
10844;
13057;
2606;
12645;
11222;
9925;
793;
1899;
8220;
9920;
10094;
9358;
1197;
4483;
9988;
13109;
13062;
134;
14328;
4149;
9977;
9229;
4537;
7873;
7985;
13858;
1491;
15312;
4517;
10373;
3003;
5867;
10608;
10813;
1567;
6249;
12063;
14716;
9899;
3401;
2062;
15450;
12042;
13400;
9456;
2012;
11797;
12472;
6813;
11076;
7264;
13015;
487;
14439;
3053;
14990;
8472;
7376;
13841;
3884;
7867;
2326;
7416;
5206;
5043;
10612;
10553;
12527;
12174;
9700;
1470;
6663;
113;
13174;
13277;
6844;
14252;
10636;
5165;
5933;
273;
10562;
2680;
12596;
3526;
9428;
15571;
7039;
4780;
7123;
7100;
8261;
3751;
4504;
2944;
9836;
1148;
12309;
424;
884;
11866;
3344;
6077;
6538;
11439;
15284;
11125;
10082;
4522;
5473;
12843;
8307;
8339;
14576;
5885;
14419;
7435;
9156;
6840;
14634;
1345;
4233;
14707;
4011;
5549;
12917;
14424;
15380;
1388;
1717;
4842;
2013;
12385;
620;
10745;
8982;
3164;
10299;
10454;
9197;
11060;
11262;
15604;
8582;
8373;
12742;
8598;
121;
1038;
12221;
9430;
2885;
10200;
6387;
6718;
6181;
3243;
9944;
11864;
14249;
1167;
9565;
8418;
13313;
9699;
11604;
9142;
3357;
3402;
14029;
2145;
14681;
4621;
11143;
15647;
12714;
11666;
929;
11139;
15640;
1194;
14996;
9473;
1405;
5213;
2903;
6966;
9095;
5467;
5978;
11399;
8931;
13847;
7881;
9459;
11445;
6251;
9149;
12981;
3108;
3667;
5950;
6543;
10314;
9045;
1255;
14402;
15217;
7215;
6685;
1441;
8076;
9873;
9556;
9570;
6864;
3731;
781;
14743;
13889;
2408;
8041;
68;
6582;
8674;
9306;
1771;
9391;
11988;
6242;
15230;
12094;
7377;
1788;
6799;
3539;
6647;
8993;
8567;
290;
11660;
13405;
8849;
12368;
13162;
14807;
11120;
6468;
2746;
9189;
12003;
9901;
12507;
14428;
6457;
80;
12674;
7156;
2961;
4367;
136;
1051;
11224;
10778;
687;
8271;
11532;
346;
5301;
9013;
15540;
10346;
10827;
13909;
14729;
10393;
2792;
10228;
2577;
1169;
12371;
1608;
714;
13085;
9507;
6587;
4247;
9647;
2634;
8262;
4778;
11763;
11662;
13566;
15489;
10588;
9548;
1898;
5374;
6576;
14840;
6859;
5014;
91;
14333;
9081;
11766;
7372;
8724;
12220;
5445;
13618;
13816;
3688;
8771;
13190;
11724;
14851;
15420;
2731;
5486;
3258;
5716;
5742;
3446;
14773;
12834;
6216;
5003;
2880;
11021;
4862;
4733;
8655;
6854;
9869;
7063;
14410;
12951;
2316;
116;
15608;
15316;
12954;
14844;
13879;
13019;
9318;
11925;
5539;
9042;
11319;
14337;
8604;
13478;
7325;
7596;
1127;
2467;
9390;
11834;
10110;
9874;
13276;
7565;
9088;
8187;
3948;
15411;
4933;
5065;
12055;
6504;
12950;
2955;
10171;
9028;
4645;
2979;
304;
11095;
14240;
6202;
8360;
2625;
7193;
4926;
11850;
8482;
12957;
4902;
11154;
8620;
9078;
13506;
13515;
6873;
312;
4081;
4335;
15068;
5535;
13891;
490;
7938;
5351;
1041;
10088;
2693;
15044;
11017;
5414;
12675;
7624;
2671;
8325;
8405;
14335;
1830;
15104;
10598;
9432;
5614;
7998;
2484;
11568;
14850;
13862;
15180;
7919;
5646;
12598;
4295;
2377;
814;
11495;
1416;
6665;
14683;
9373;
12441;
11452;
9878;
11485;
4521;
3604;
12316;
9551;
11374;
6479;
8805;
3946;
13273;
6471;
8116;
12124;
5583;
2231;
12818;
10716;
6232;
2155;
20;
4016;
10347;
7587;
4507;
6227;
15269;
7971;
7301;
5720;
9833;
13139;
3828;
12967;
14326;
4034;
590;
15293;
1322;
734;
7121;
8650;
4774;
13689;
5922;
9483;
11446;
4912;
12018;
2297;
5743;
9039;
5303;
4178;
14004;
4175;
5731;
9858;
7948;
14779;
11784;
3616;
6901;
13412;
14663;
8796;
1332;
7620;
5011;
10279;
1337;
14826;
2087;
14180;
675;
2766;
13632;
11738;
2765;
2454;
15084;
215;
10055;
10385;
7179;
8776;
5698;
13941;
15537;
2803;
13444;
6051;
6245;
2962;
3919;
10984;
2675;
5223;
14058;
6545;
3160;
3864;
12367;
1754;
8548;
3247;
10739;
5307;
6257;
2029;
11692;
13670;
12663;
14992;
13231;
3666;
13646;
14476;
4455;
5693;
9626;
13922;
12695;
15315;
8963;
6474;
9726;
3120;
7557;
4404;
7832;
10297;
6401;
11024;
12147;
9501;
125;
8969;
11161;
4663;
12709;
172;
13972;
8535;
14003;
10777;
4916;
9923;
1746;
1109;
5071;
11093;
3431;
5972;
139;
1879;
8215;
14610;
2928;
1263;
10578;
5354;
4434;
10254;
8243;
6827;
1126;
15021;
5276;
13379;
8040;
14415;
5316;
5488;
8689;
263;
507;
9303;
10409;
13501;
429;
4699;
10513;
14040;
10185;
3251;
3928;
119;
6178;
15395;
6959;
6899;
9689;
9936;
4474;
4841;
4321;
3050;
12962;
3560;
11013;
4620;
5801;
949;
12780;
11112;
6622;
13880;
12886;
5295;
6714;
7856;
13078;
13192;
1178;
11129;
8782;
11967;
4898;
1209;
11340;
14726;
5222;
13928;
8815;
749;
12572;
692;
4516;
5841;
15081;
8888;
7631;
918;
56;
14235;
2555;
5621;
10399;
6155;
10542;
7926;
9040;
2638;
6553;
517;
597;
10657;
15388;
9814;
5584;
1223;
14456;
974;
415;
6880;
14406;
2000;
11564;
10122;
4796;
14838;
7337;
11311;
124;
3677;
1474;
8023;
8882;
12736;
11616;
7001;
637;
4017;
8424;
13499;
269;
9751;
12034;
11794;
6774;
10140;
8852;
6660;
14640;
5325;
9913;
11862;
13569;
7458;
13035;
6896;
8972;
10149;
13463;
8400;
15530;
3374;
9919;
3905;
212;
13259;
11552;
2582;
6083;
13417;
9947;
13038;
11389;
14272;
4936;
13232;
9560;
12769;
13056;
12820;
2659;
969;
8520;
49;
405;
7067;
13863;
11901;
9237;
7966;
4087;
5724;
6550;
6728;
2763;
12049;
13545;
5335;
11677;
9079;
4078;
1327;
690;
11554;
1768;
9816;
13971;
12266;
1987;
14332;
13703;
4048;
836;
13298;
6190;
11264;
2922;
4326;
10673;
2784;
1222;
13721;
7490;
13886;
14786;
6403;
15063;
13110;
4298;
8869;
5105;
12691;
9228;
1436;
9586;
906;
8079;
2802;
8406;
2150;
12091;
10319;
5776;
3166;
8035;
12179;
5429;
10643;
1168;
4391;
15268;
12719;
6772;
13699;
12200;
15578;
2909;
11028;
3568;
7906;
12425;
6762;
9494;
9475;
13610;
2808;
3990;
3897;
6042;
856;
2462;
6823;
10521;
250;
13010;
2006;
9530;
9671;
6369;
7514;
8451;
13830;
5048;
8110;
8354;
752;
3057;
15102;
9342;
1693;
10997;
6305;
9852;
11530;
4949;
2697;
1729;
12051;
10560;
341;
278;
11287;
5566;
5595;
6207;
3415;
1155;
11042;
4647;
3562;
4787;
2044;
13474;
11096;
11937;
4466;
9650;
5130;
8044;
6390;
10187;
1970;
2643;
5491;
9316;
7798;
4484;
12327;
3916;
2429;
9722;
14742;
4268;
5323;
3103;
3248;
13546;
8236;
10259;
7978;
14770;
4499;
13942;
11576;
4886;
4530;
4197;
5806;
9788;
3689;
5581;
14100;
10679;
3417;
5530;
7885;
13966;
12677;
9574;
12924;
2825;
9338;
4416;
8791;
6599;
13462;
13390;
13066;
380;
13717;
2963;
14210;
2819;
1183;
3032;
12278;
10380;
8086;
12768;
14929;
11434;
5947;
10959;
3089;
11488;
6891;
11536;
131;
1008;
3662;
8108;
13373;
15238;
7612;
1583;
7795;
228;
13002;
7160;
2759;
15496;
8529;
12600;
11858;
15166;
2837;
14192;
9956;
7639;
15125;
14803;
12173;
6179;
13528;
3029;
14504;
11948;
1603;
9813;
13357;
12870;
12832;
4159;
11193;
15513;
5453;
5811;
6081;
13285;
13526;
858;
12690;
10552;
889;
1095;
5227;
11625;
272;
6127;
8543;
1162;
11981;
6591;
10163;
11430;
4066;
12445;
13821;
2574;
7133;
15435;
9945;
2692;
14341;
10993;
570;
746;
7181;
3312;
483;
14319;
14244;
13639;
5928;
11569;
6828;
3421;
6908;
4328;
13106;
6337;
8402;
11960;
12975;
7613;
2275;
3022;
7785;
13887;
15511;
10606;
11831;
6775;
1429;
3192;
1211;
14111;
9248;
11038;
12277;
12549;
7344;
15527;
15630;
4468;
8863;
15186;
5968;
8314;
11531;
1132;
10989;
8480;
8342;
940;
3976;
13686;
3794;
4400;
8847;
15023;
1536;
3834;
10164;
10476;
717;
7269;
5348;
12831;
4125;
1862;
5432;
10692;
14307;
13919;
5875;
6825;
4800;
8713;
6447;
3173;
10764;
4018;
3393;
3929;
2271;
719;
4359;
4478;
4598;
13107;
5568;
5515;
4336;
7887;
15474;
10794;
4600;
15332;
5074;
5847;
13711;
1449;
7710;
12448;
13381;
7925;
6331;
543;
9492;
1040;
12608;
11061;
2488;
3987;
8216;
9918;
15554;
2064;
4696;
12666;
7829;
1237;
3805;
13851;
3508;
9706;
3479;
8153;
13562;
13484;
7357;
4820;
12863;
6365;
2737;
12711;
13718;
14024;
5923;
5886;
5176;
8899;
9510;
6223;
14394;
7593;
2160;
11571;
8180;
5481;
10514;
8551;
909;
6273;
7912;
10017;
11411;
3839;
6283;
10843;
12652;
4910;
5504;
15041;
9782;
2474;
14499;
12212;
13538;
8573;
14647;
4687;
8161;
7164;
8756;
14740;
6688;
1382;
10877;
254;
8165;
11780;
6554;
8206;
6343;
2870;
5312;
11500;
1228;
469;
11157;
5009;
13620;
15442;
7044;
307;
2309;
2521;
11306;
3273;
8509;
6354;
4681;
9653;
11566;
2373;
13315;
14435;
12552;
1948;
6846;
1341;
14698;
7982;
7581;
4511;
7448;
8088;
12358;
6547;
1120;
11107;
11888;
436;
15211;
4541;
5973;
4828;
8490;
12477;
7045;
3668;
4151;
12118;
11092;
994;
13011;
9063;
2571;
1573;
3856;
10530;
11855;
8087;
1373;
13679;
8743;
12058;
3093;
9952;
8412;
6422;
65;
7543;
5736;
10700;
5638;
6570;
8460;
7286;
7598;
10062;
14594;
13340;
5166;
643;
5587;
173;
7585;
12380;
8491;
8905;
15221;
15405;
12781;
11365;
9777;
12718;
7459;
3559;
15470;
5296;
6240;
10516;
4440;
12732;
10490;
8333;
2011;
3989;
13793;
9783;
9037;
6010;
10871;
4701;
10508;
2881;
9663;
3149;
12227;
1114;
11670;
4173;
6293;
4138;
15056;
531;
10029;
2540;
14512;
12226;
15;
13678;
7384;
3023;
6356;
15130;
14676;
13872;
7498;
13030;
7099;
4174;
751;
4448;
11759;
3324;
6215;
11341;
12206;
13112;
1208;
9940;
6444;
10113;
14486;
12776;
15413;
5794;
7218;
14972;
14562;
10034;
10550;
15119;
1839;
4928;
5484;
10335;
12288;
302;
6500;
537;
7051;
8772;
12896;
4492;
7171;
12337;
8592;
6850;
1280;
11349;
12470;
7899;
5842;
1315;
1617;
3882;
2629;
13226;
596;
10067;
1929;
10902;
14387;
11166;
1865;
8475;
6573;
6741;
13060;
2207;
7141;
15154;
35;
12849;
8225;
10882;
14336;
5551;
9352;
5326;
14638;
7493;
192;
11843;
7934;
1769;
248;
1399;
11675;
2118;
15408;
2312;
864;
14072;
7614;
9474;
1742;
15500;
11008;
10557;
13656;
7169;
3154;
11997;
9482;
4421;
7272;
3596;
14313;
9600;
10969;
3016;
9686;
14763;
6313;
954;
13762;
9838;
709;
14788;
1226;
4000;
3695;
1123;
9377;
8083;
10836;
9512;
11839;
2964;
6217;
4740;
6524;
9350;
5046;
9516;
2323;
14889;
12573;
5884;
11645;
14094;
3025;
8675;
2958;
13776;
14339;
14759;
12688;
8763;
2724;
13122;
13584;
13875;
826;
12376;
1091;
7090;
14166;
8013;
9434;
9759;
8027;
10800;
3935;
13807;
7634;
10801;
8227;
7558;
707;
14608;
4439;
5424;
3126;
10411;
14933;
9364;
4088;
11897;
3284;
6133;
12790;
1604;
4982;
1396;
11588;
1633;
11211;
12992;
4854;
3153;
1902;
11324;
2700;
15049;
14577;
3641;
9993;
11263;
9931;
3384;
7024;
14563;
12587;
14747;
10429;
6383;
1580;
1191;
12397;
6476;
12755;
9397;
2568;
223;
13134;
6037;
12883;
9127;
1656;
5812;
14130;
11955;
14756;
13752;
15331;
2210;
394;
4760;
1876;
6918;
13018;
9779;
11369;
8814;
3408;
1707;
2343;
10310;
14661;
6353;
15050;
14825;
8191;
12236;
5012;
6278;
11150;
650;
12479;
1537;
10842;
4365;
4332;
12739;
6784;
1558;
15079;
7999;
3619;
12921;
587;
9004;
11235;
10096;
11133;
10016;
5610;
11663;
2991;
8980;
9433;
8393;
14283;
13480;
5109;
9437;
5898;
13204;
14287;
11873;
698;
9324;
15237;
10121;
14125;
6765;
2021;
8483;
8859;
15033;
3155;
10933;
7553;
6921;
4351;
2395;
460;
10796;
10924;
390;
1886;
7282;
1433;
15061;
3176;
7329;
8820;
1841;
12047;
2169;
6031;
2234;
10500;
15455;
2069;
8389;
7960;
7030;
5357;
11828;
2491;
7002;
319;
9734;
9900;
6448;
9467;
5666;
7396;
10037;
4512;
13964;
10584;
1700;
10402;
12459;
10340;
26;
4399;
3758;
5434;
9398;
887;
3618;
10545;
3197;
12584;
2369;
8293;
7476;
14483;
5795;
10365;
11267;
2618;
15692;
13644;
2317;
15255;
7037;
2514;
11381;
10162;
13935;
14923;
9112;
2612;
9718;
7993;
15357;
10759;
7659;
11918;
12994;
7437;
12248;
11421;
7959;
8210;
12229;
8203;
8031;
6121;
14700;
10492;
8721;
14993;
4179;
12963;
2473;
12103;
8150;
1437;
15159;
4022;
13536;
2690;
2443;
7801;
9752;
2551;
4077;
10421;
14784;
8577;
7273;
13750;
3649;
416;
61;
1233;
4200;
4436;
3937;
6262;
7687;
7706;
15179;
9841;
417;
15304;
12361;
11245;
1639;
2248;
5840;
1960;
2102;
5411;
117;
11672;
13275;
10900;
3578;
4904;
1094;
5805;
15609;
2174;
9448;
12591;
2972;
13832;
12864;
15378;
9896;
15153;
2314;
4248;
4158;
361;
11057;
4246;
13031;
7786;
14920;
11555;
4542;
7488;
7859;
12756;
13927;
8156;
12439;
3467;
5772;
7472;
7920;
2936;
748;
4946;
5873;
2332;
6683;
5901;
5286;
14989;
13976;
11099;
12676;
12044;
14686;
5289;
15347;
6492;
12205;
10372;
10217;
5813;
8546;
7518;
679;
6700;
12092;
15190;
7723;
206;
1019;
5356;
12802;
2553;
12908;
5887;
2360;
9147;
1027;
2636;
9016;
8901;
14126;
7542;
11993;
7640;
15097;
12511;
3292;
10753;
12809;
10656;
9436;
10899;
6876;
13905;
4858;
7740;
1303;
10907;
8864;
13857;
8119;
9897;
9424;
4747;
12857;
11337;
409;
8870;
2774;
8900;
13291;
4480;
15192;
8238;
8719;
10904;
11776;
6196;
3866;
759;
12310;
9909;
9979;
12763;
8309;
6795;
7907;
12679;
9406;
3945;
15398;
4279;
1816;
7130;
2775;
5181;
15437;
12667;
9207;
14544;
7845;
2015;
10440;
3318;
2073;
14122;
1943;
10355;
6438;
13904;
7830;
1420;
2941;
14472;
14601;
6499;
8;
14737;
11865;
1598;
14727;
11742;
2056;
7306;
2754;
14505;
2656;
2829;
11220;
6156;
12157;
2783;
1654;
785;
6607;
10591;
9251;
3358;
11659;
12005;
11404;
10260;
839;
7988;
13318;
1496;
2512;
8947;
10797;
2025;
280;
10304;
7834;
12741;
10422;
15572;
2129;
3889;
4471;
5099;
7611;
8018;
15638;
4249;
4394;
14113;
5598;
4050;
14895;
15022;
15184;
180;
10776;
14300;
6274;
1586;
13193;
10247;
10662;
2060;
4897;
6124;
3910;
4963;
6064;
5995;
2448;
7772;
437;
81;
11342;
9264;
1265;
7418;
907;
14347;
10123;
7764;
11939;
2269;
7812;
1376;
12040;
10760;
3278;
3924;
13290;
2753;
3660;
15573;
15551;
9733;
9721;
3579;
1370;
499;
13345;
3077;
3621;
1179;
2853;
6539;
2926;
12188;
7318;
9969;
12293;
8149;
5137;
4846;
2598;
15270;
6359;
12638;
2960;
11726;
3425;
12290;
11176;
3818;
13022;
2398;
2622;
11582;
1588;
13050;
7188;
13278;
1150;
6691;
7697;
2245;
6462;
15178;
14227;
9072;
8037;
8727;
5897;
1686;
3331;
9922;
3452;
8606;
12760;
15641;
10851;
6632;
12298;
275;
11493;
10099;
7259;
2166;
12083;
4506;
15157;
5662;
6909;
9680;
9285;
4012;
14457;
432;
13690;
12054;
3314;
3663;
7889;
8812;
11781;
15088;
10035;
2315;
10511;
5761;
5756;
7626;
9382;
9786;
7082;
11612;
3094;
7685;
15481;
10301;
10300;
828;
10155;
3982;
9008;
7777;
3476;
12422;
13852;
8326;
12770;
8349;
5375;
13053;
11431;
8003;
10100;
10748;
4084;
12060;
3766;
9815;
6878;
6220;
8329;
3722;
362;
6322;
4117;
3944;
3326;
6739;
6953;
14138;
6535;
8249;
7880;
6518;
3951;
13939;
13664;
7222;
7501;
14540;
9287;
11942;
4919;
7793;
1828;
13457;
560;
5291;
5540;
15027;
6829;
6470;
3416;
8821;
6420;
1820;
7443;
15096;
13367;
9724;
12779;
9523;
4969;
9167;
2057;
7949;
958;
2588;
4836;
11984;
7201;
8479;
13688;
102;
9458;
10807;
383;
11674;
1333;
11428;
4957;
515;
5144;
1204;
13350;
13079;
2027;
8504;
9902;
3926;
6638;
1681;
3509;
13537;
4705;
4072;
5369;
5083;
2125;
777;
1750;
4791;
9472;
14712;
13125;
3669;
11860;
6666;
7767;
8301;
4500;
5173;
14350;
23;
3701;
12299;
629;
5667;
14448;
3290;
4840;
11878;
8720;
135;
4456;
3229;
2041;
14465;
8633;
236;
7684;
790;
3529;
2620;
10455;
12958;
2859;
2203;
3383;
5804;
10086;
9616;
7548;
13839;
8335;
9595;
13406;
3595;
15058;
11029;
12284;
10413;
3493;
8968;
6078;
3548;
1807;
3765;
15525;
7053;
14031;
6231;
11469;
10667;
5076;
8500;
12143;
15428;
11924;
9684;
2263;
3074;
1574;
15622;
4076;
3724;
2289;
7840;
4090;
13322;
4019;
4759;
2930;
7989;
10183;
12689;
402;
953;
8873;
7783;
7704;
5055;
546;
4757;
3712;
14666;
15131;
5405;
5586;
3756;
15643;
11089;
4085;
10287;
4634;
1751;
10087;
12452;
6023;
14724;
3525;
7365;
1881;
10008;
6311;
9231;
7469;
12475;
1822;
7776;
3883;
230;
4006;
1927;
816;
14481;
1140;
8554;
6496;
4437;
8699;
7464;
533;
1394;
4528;
5747;
9114;
3726;
3738;
4024;
8979;
13660;
4782;
7647;
11810;
2686;
11705;
9876;
14144;
11519;
3132;
6720;
15561;
1582;
14853;
5758;
4014;
598;
12117;
7403;
6128;
6158;
2729;
4819;
7364;
3507;
4467;
15261;
9220;
7957;
13665;
10145;
6009;
3140;
4323;
10865;
10872;
12993;
6670;
5430;
12936;
15322;
10603;
13465;
14203;
2268;
1290;
13591;
2871;
7955;
14163;
8049;
1032;
2706;
11426;
8895;
14641;
945;
442;
8601;
806;
9533;
14836;
11189;
6945;
12197;
9202;
1166;
14078;
10566;
11335;
5764;
11295;
11066;
12533;
7524;
231;
2975;
6410;
3533;
4875;
6263;
6804;
14882;
9367;
5975;
2436;
14276;
13286;
9286;
14259;
12189;
6885;
8182;
14646;
10728;
8007;
1785;
6478;
3531;
11512;
9757;
9355;
1483;
12399;
11732;
975;
12190;
3175;
9141;
3500;
14567;
13001;
13805;
3757;
3792;
11296;
10302;
12610;
4340;
13997;
13173;
6530;
9010;
2431;
1335;
8017;
14178;
6382;
7625;
4892;
9720;
12698;
5204;
1667;
4653;
1343;
12239;
9774;
10529;
13477;
2337;
9445;
4188;
7572;
11691;
2161;
12875;
6834;
5707;
7500;
14674;
8666;
4905;
15240;
12617;
13621;
549;
2537;
6877;
8641;
6757;
13553;
7079;
11872;
2456;
5168;
13439;
12797;
2681;
14907;
5639;
13091;
5911;
1052;
10754;
13199;
3855;
9596;
4867;
6146;
1602;
7043;
40;
9310;
6939;
661;
9635;
12382;
14279;
4193;
10808;
13869;
6183;
5147;
9903;
4845;
2739;
7560;
13481;
14637;
8006;
2496;
8138;
2138;
2466;
6056;
6400;
10309;
5184;
5024;
9770;
14079;
9265;
6506;
3979;
9875;
1180;
3868;
5336;
10943;
3310;
713;
5294;
11364;
8032;
7340;
479;
7013;
3317;
7395;
13343;
7762;
5725;
9389;
3249;
10296;
2147;
8861;
15495;
13967;
6596;
5644;
11108;
13212;
5123;
13135;
4275;
12923;
12640;
3938;
8004;
63;
237;
12635;
10450;
1383;
7423;
13393;
3223;
4356;
8160;
3121;
8315;
3801;
5670;
11394;
7438;
14552;
1851;
10041;
12313;
921;
10622;
5819;
15215;
7800;
6958;
13585;
7496;
11668;
4994;
5526;
1301;
7450;
8461;
6509;
6801;
4628;
42;
514;
4495;
7814;
11083;
8036;
504;
10848;
2938;
7690;
5026;
6357;
2627;
3930;
12225;
3672;
5338;
9665;
4730;
5501;
2349;
12563;
14769;
11871;
890;
13543;
13234;
13398;
8725;
2322;
152;
3567;
13788;
13395;
8107;
1316;
8978;
1845;
5211;
13983;
7521;
354;
10263;
14369;
10112;
3861;
3879;
15002;
14480;
813;
672;
1533;
11982;
2417;
13108;
1542;
8836;
9420;
3457;
15665;
418;
12761;
9462;
5057;
5846;
10845;
4816;
14916;
2609;
9687;
4172;
10697;
8158;
15473;
1065;
1331;
636;
13386;
1298;
7494;
4714;
6602;
413;
14690;
1995;
13845;
9761;
14396;
10831;
2550;
12307;
9326;
9395;
14813;
14855;
9035;
3646;
7810;
12175;
486;
15140;
11712;
11718;
1413;
11910;
4040;
4633;
3463;
138;
11080;
10972;
3890;
6439;
14128;
15107;
4129;
3802;
9404;
12235;
1462;
6404;
1438;
6417;
7150;
2368;
12839;
8063;
6221;
1100;
7628;
10469;
9746;
9441;
7242;
2603;
9224;
7905;
4422;
14489;
14820;
11702;
14461;
9325;
14085;
912;
2768;
3678;
14871;
2457;
12956;
13753;
3713;
14526;
10974;
8126;
15464;
1643;
9183;
6514;
13281;
9359;
9301;
6393;
518;
5695;
2461;
129;
6294;
14437;
2605;
13677;
14561;
12653;
8992;
11851;
14869;
11600;
2208;
11146;
11641;
12302;
10515;
1919;
11178;
10143;
14801;
1015;
10161;
3362;
11820;
5136;
14765;
14246;
3469;
9126;
5461;
5865;
10978;
12735;
11983;
11595;
5069;
3084;
943;
15570;
6780;
8300;
3477;
7681;
12492;
3795;
1576;
6519;
3410;
5575;
8363;
830;
10240;
4210;
14447;
4189;
13720;
14509;
14671;
6561;
9380;
9723;
8129;
8080;
13929;
4292;
7754;
7527;
12673;
6533;
7348;
8419;
10018;
13719;
4792;
6039;
8517;
10206;
14451;
9983;
4610;
8377;
7145;
4612;
5858;
14658;
72;
11480;
12551;
6345;
8121;
9226;
232;
5257;
4241;
15285;
14340;
11164;
3432;
241;
8378;
2340;
9599;
15098;
14834;
4264;
4350;
1145;
923;
13812;
1521;
5690;
9140;
12723;
5245;
4157;
5532;
5745;
8283;
13157;
3564;
4940;
8077;
10322;
6261;
8350;
10755;
3994;
7353;
13969;
15449;
15517;
12582;
9132;
498;
11238;
9182;
322;
6159;
14685;
2303;
1560;
15617;
8306;
724;
10374;
7672;
11477;
2570;
11976;
4587;
7227;
13797;
5906;
9208;
15372;
11890;
1358;
11380;
9034;
10961;
1631;
1540;
13384;
12071;
1129;
1971;
4128;
8564;
9503;
6855;
12021;
3141;
15337;
8212;
10615;
9066;
14169;
5180;
5825;
8581;
10829;
9444;
11297;
13068;
6830;
11372;
12075;
6306;
8753;
11423;
14677;
12853;
11535;
2755;
12562;
3768;
3320;
2132;
2585;
6212;
3208;
14846;
653;
11635;
2479;
9934;
15596;
9795;
12413;
12545;
6605;
8068;
29;
11470;
5439;
15529;
5604;
5127;
6097;
8292;
6243;
286;
12137;
14263;
11683;
1347;
2038;
1776;
4003;
14810;
110;
8256;
4096;
8994;
11581;
10732;
1366;
8603;
1523;
2616;
11018;
6907;
4346;
10456;
8434;
2751;
2779;
12330;
8441;
8410;
2608;
541;
12101;
5594;
11298;
2610;
11605;
9703;
1057;
2123;
14251;
11651;
8952;
13177;
6882;
14880;
13658;
14309;
1414;
10202;
318;
693;
3682;
12550;
6593;
7708;
4756;
5075;
12632;
4314;
3534;
594;
3513;
27;
5677;
13185;
11416;
3105;
6075;
5839;
2943;
8806;
8092;
4879;
622;
1650;
11320;
14633;
11243;
10002;
11015;
13201;
5438;
13892;
616;
4623;
6648;
6505;
3172;
11441;
3664;
5002;
8164;
15317;
5214;
5803;
2002;
7089;
2743;
14102;
12067;
7656;
4194;
1672;
1476;
4993;
13024;
10795;
10835;
4304;
10221;
7700;
9400;
5701;
12565;
4501;
13402;
10878;
10264;
12706;
4930;
10077;
12084;
8383;
14110;
8341;
6993;
6057;
1849;
4527;
3275;
1981;
1952;
13561;
3385;
10239;
5946;
2785;
2642;
1175;
8588;
4262;
9102;
4648;
2679;
3368;
7769;
14194;
2270;
15658;
9413;
7816;
3451;
13810;
8965;
3195;
2216;
15355;
79;
4482;
11027;
13270;
10817;
6259;
5524;
13067;
10389;
7417;
3608;
2200;
10881;
7175;
12727;
14872;
359;
5821;
10281;
5815;
4224;
14049;
8142;
13119;
7806;
15077;
1164;
9031;
7669;
5416;
5042;
1477;
6900;
6241;
15417;
7876;
11792;
3213;
5793;
7965;
12672;
14616;
645;
13913;
632;
8683;
14107;
3638;
62;
1125;
8429;
9826;
1824;
4706;
13415;
7658;
1054;
14158;
13925;
6072;
2156;
10645;
1972;
7667;
2257;
6644;
5744;
7268;
7584;
6973;
5752;
3078;
5103;
1921;
3501;
1642;
2554;
6195;
9405;
6082;
4104;
2421;
6768;
742;
9280;
15524;
3365;
971;
12349;
14625;
7370;
8540;
7610;
4626;
5536;
6408;
7674;
5929;
6684;
8578;
10824;
2142;
14612;
14721;
7371;
1244;
4357;
14057;
6327;
9074;
13968;
13641;
12819;
5909;
755;
14944;
6664;
2362;
6566;
2709;
8374;
4582;
13828;
1694;
6629;
2237;
14541;
5456;
3923;
4148;
1652;
11116;
5485;
3207;
13154;
4476;
7719;
737;
8253;
10020;
6990;
14978;
1666;
5785;
2826;
339;
6117;
5350;
7196;
6362;
15199;
10503;
1469;
8883;
11853;
7096;
857;
2393;
15123;
12184;
10195;
683;
3642;
7180;
14792;
12619;
6723;
411;
5836;
2090;
1871;
7022;
12685;
8800;
3076;
6392;
15333;
9575;
14083;
7375;
10416;
4055;
7839;
10465;
13878;
13414;
7267;
3167;
8022;
1852;
6887;
8985;
12854;
8765;
12930;
13409;
209;
11720;
1901;
3684;
13981;
768;
11679;
4041;
11741;
10614;
1355;
5791;
7605;
9497;
5189;
1230;
7427;
5507;
15533;
3136;
12502;
360;
5650;
14867;
13046;
15136;
2696;
7004;
7266;
5601;
1680;
13198;
266;
10998;
2522;
11498;
2383;
4033;
6858;
4775;
741;
7491;
10806;
6625;
4785;
8171;
10601;
4073;
5749;
10837;
12162;
13512;
9690;
3633;
1461;
5019;
9804;
1354;
15043;
3030;
883;
2299;
4049;
11771;
12245;
984;
15589;
6473;
4261;
9466;
12334;
12106;
4414;
6671;
8367;
11398;
14966;
10855;
12953;
4590;
4195;
5006;
6020;
558;
15653;
9778;
798;
14782;
8486;
12636;
660;
3516;
2969;
15188;
14991;
6750;
12991;
11902;
12972;
13208;
3825;
2463;
4692;
13995;
10342;
6791;
3966;
12127;
12620;
12887;
1046;
12210;
3261;
11785;
352;
5261;
10451;
2990;
4629;
7093;
14264;
2601;
4347;
10948;
233;
10554;
6161;
542;
12514;
13571;
3645;
8387;
7114;
9670;
14843;
1252;
15253;
327;
10463;
9375;
10665;
2970;
15113;
4717;
15165;
3394;
11631;
9361;
12720;
6872;
15593;
4212;
14109;
3717;
8995;
13397;
8217;
7564;
12388;
9725;
2851;
7911;
14790;
5740;
3011;
8686;
13194;
13494;
5672;
1392;
6296;
10059;
6122;
13652;
7073;
10430;
2559;
10756;
9571;
13235;
6288;
2793;
9978;
3791;
13308;
3215;
5757;
2188;
12945;
11209;
11585;
6988;
4988;
8775;
6300;
8155;
1636;
7138;
7460;
1606;
4583;
10986;
4244;
4672;
2121;
7897;
11418;
11931;
8172;
8627;
2392;
5771;
10734;
6712;
6349;
8272;
2510;
242;
10867;
13354;
712;
9267;
5925;
4555;
11573;
14952;
12791;
11321;
9658;
12105;
1703;
7827;
30;
12282;
9965;
794;
820;
12038;
2058;
15346;
6035;
14238;
9892;
13672;
4324;
1410;
8788;
10193;
11617;
9500;
12808;
10947;
14999;
11065;
11379;
1692;
12880;
9970;
10712;
4831;
8323;
12821;
366;
12001;
3219;
8186;
13004;
13380;
9090;
13759;
2033;
7746;
6701;
11775;
10175;
11339;
15597;
15390;
4126;
7692;
9831;
2728;
15142;
4715;
3925;
8729;
12346;
8070;
8618;
6910;
4028;
3918;
3236;
10695;
9890;
604;
6817;
3968;
1731;
14808;
6358;
13447;
9388;
12314;
11310;
12680;
6340;
9176;
4086;
1802;
1996;
11010;
11501;
6759;
573;
41;
15375;
1616;
8231;
10660;
13466;
7009;
2545;
2284;
13335;
8526;
13451;
6165;
8127;
8858;
1079;
11713;
6758;
10356;
10708;
478;
14675;
11447;
12201;
3113;
15029;
5113;
1507;
7226;
11557;
9232;
14446;
9321;
6531;
9997;
9740;
9048;
4723;
4373;
9334;
15185;
12333;
10072;
6041;
8653;
2725;
2889;
2250;
2801;
2586;
13328;
2848;
7420;
15086;
13222;
15402;
7817;
3710;
12331;
3730;
4411;
12401;
11070;
5661;
6412;
11384;
6557;
9719;
13293;
14413;
5593;
1786;
13579;
11610;
497;
12384;
5272;
12557;
6702;
11363;
3573;
1563;
10617;
11191;
11838;
14653;
11036;
12799;
13761;
8777;
4731;
7563;
6866;
8100;
7506;
7933;
1505;
9212;
5372;
6776;
13676;
2004;
5427;
2590;
12474;
2869;
5284;
5310;
6295;
12984;
3594;
15214;
10249;
1781;
13731;
14206;
6998;
7345;
9932;
4871;
9638;
13320;
4459;
12965;
8555;
2335;
7508;
5617;
3495;
8679;
8028;
4108;
7351;
11336;
10729;
13637;
4593;
4505;
10713;
4753;
11911;
15264;
4327;
3499;
7322;
12132;
11456;
7616;
15259;
5207;
3715;
14114;
292;
13973;
8201;
7544;
10976;
13165;
727;
1764;
15342;
11587;
7041;
9705;
3330;
8331;
11791;
6164;
7623;
4454;
3301;
4064;
2515;
5337;
3615;
3068;
4743;
4199;
7320;
13028;
11758;
6875;
8608;
7137;
2267;
12531;
2192;
14654;
11879;
3009;
7721;
7109;
3350;
9135;
1884;
5423;
9294;
7526;
3874;
11094;
4561;
10909;
6954;
287;
6548;
5460;
7492;
1570;
12269;
5084;
5737;
12827;
8501;
14002;
190;
4736;
13668;
13223;
14804;
1121;
13540;
9256;
14007;
8450;
12096;
7866;
9020;
13421;
5708;
3462;
12297;
261;
7199;
2151;
10773;
11707;
283;
10672;
664;
2119;
6612;
14909;
14234;
1214;
10394;
13260;
8781;
1615;
7359;
10046;
3885;
15040;
14261;
10339;
2804;
7512;
9834;
7916;
15448;
12456;
15065;
10981;
1585;
15652;
15290;
2292;
4449;
13853;
13133;
9885;
6200;
3892;
6063;
1453;
13671;
15053;
9772;
11575;
6428;
7174;
9837;
2845;
13636;
9872;
7921;
12370;
14493;
3054;
11429;
15505;
8825;
2306;
530;
11567;
7277;
15219;
11370;
2385;
6824;
443;
623;
13681;
7424;
1817;
5649;
11598;
1649;
1149;
7404;
10231;
1023;
9763;
15305;
4644;
13230;
7312;
10548;
2293;
2661;
11482;
8549;
12943;
5448;
179;
3591;
14626;
493;
11058;
7636;
11845;
4560;
9089;
14822;
11996;
9195;
5760;
14275;
14329;
3895;
9651;
428;
14534;
7260;
691;
6546;
8532;
14739;
12059;
6949;
9747;
1307;
8493;
12224;
12749;
5141;
14609;
14568;
8590;
10306;
4408;
3110;
6673;
6437;
11952;
5859;
5366;
9630;
15176;
9683;
3963;
2543;
8415;
12684;
6816;
15603;
2378;
9401;
6753;
9685;
2226;
2770;
9714;
9928;
1778;
7513;
4402;
3540;
10707;
12467;
5441;
4726;
5564;
8299;
9557;
12607;
6982;
1241;
15032;
3293;
1761;
7113;
146;
6822;
2153;
13472;
14936;
11929;
10769;
1018;
5829;
4581;
4273;
710;
6742;
8685;
592;
3767;
8748;
10318;
3045;
458;
4083;
5059;
7994;
1424;
4005;
7149;
13716;
1498;
6760;
6948;
9904;
2122;
10880;
1925;
11868;
3486;
1036;
10932;
2036;
9415;
12722;
5768;
14555;
3590;
13372;
7888;
4704;
3128;
10095;
12705;
6026;
363;
14184;
13471;
3823;
5268;
11046;
1426;
7062;
4520;
2260;
13138;
3859;
11811;
1224;
3993;
1361;
4509;
2534;
9330;
9057;
3878;
12279;
6430;
5857;
1727;
6032;
7232;
540;
1286;
2191;
3137;
3478;
6429;
4913;
8635;
4263;
9598;
15628;
3835;
11160;
12014;
4580;
7688;
4037;
3588;
1387;
8541;
10576;
848;
8867;
3553;
1928;
15667;
1254;
2657;
9754;
12778;
15535;
4979;
1566;
3535;
249;
8358;
10014;
5855;
5208;
13979;
12300;
2992;
11254;
7328;
1261;
12861;
14229;
6575;
1814;
960;
15534;
14059;
14033;
3070;
15607;
10248;
296;
982;
8207;
4232;
12142;
6968;
9027;
8665;
2727;
10118;
2663;
4901;
10363;
4813;
11618;
37;
10334;
681;
10922;
8602;
3814;
2814;
6898;
11527;
4392;
8162;
1165;
13336;
6137;
3241;
14615;
8807;
3406;
572;
6672;
5163;
10178;
4794;
8784;
3815;
4861;
2723;
12356;
8640;
10238;
15459;
1176;
9887;
4545;
11086;
3449;
5383;
8607;
1028;
6994;
170;
10507;
7478;
2106;
6449;
1790;
225;
13544;
2433;
2083;
14614;
11241;
11443;
5242;
15458;
2658;
8977;
8233;
2221;
4851;
8038;
12836;
5119;
3635;
10960;
9109;
10628;
8935;
2223;
4418;
3257;
2842;
414;
8919;
11473;
4216;
3605;
9951;
9261;
8630;
299;
8199;
900;
12321;
317;
202;
3244;
3044;
706;
646;
12344;
1171;
9661;
171;
13564;
10366;
14071;
9451;
3465;
6778;
15243;
12509;
12274;
12588;
4920;
8844;
12814;
5960;
10280;
9484;
8198;
842;
9446;
12630;
2949;
4725;
11971;
7980;
8803;
14412;
1545;
15155;
3901;
11259;
11313;
523;
829;
15557;
1089;
14093;
4944;
8452;
5657;
5490;
4103;
8593;
4490;
3699;
10273;
13638;
305;
10677;
11033;
5133;
11223;
6810;
9611;
13606;
10198;
2923;
6693;
3112;
3790;
9567;
9094;
1395;
12169;
15688;
8014;
15363;
2974;
15112;
12699;
11821;
1022;
3927;
11511;
10266;
12656;
10774;
10102;
4281;
11664;
5388;
511;
2149;
5193;
8190;
6022;
6512;
11242;
5386;
14433;
13248;
10737;
11299;
8029;
7841;
13323;
5537;
11615;
1269;
11043;
12343;
15507;
11905;
15099;
10859;
4763;
1587;
5505;
988;
1565;
308;
3624;
6328;
10889;
13160;
7651;
13300;
13205;
1106;
5789;
3246;
5092;
1082;
13048;
4611;
13359;
10433;
1823;
11541;
8507;
12076;
11516;
9333;
2444;
13252;
3;
6318;
10156;
11859;
9781;
12360;
4526;
11695;
13152;
5992;
9955;
13614;
11709;
895;
3340;
13040;
12405;
7759;
5816;
10903;
2194;
2037;
13430;
12100;
2866;
10526;
932;
14767;
11542;
11875;
3482;
7665;
7939;
7112;
7511;
9935;
11419;
11678;
12353;
13090;
4369;
7808;
13105;
12231;
8143;
2884;
7229;
9771;
2137;
13873;
3319;
2740;
10928;
7213;
1787;
9255;
6148;
10621;
14324;
3704;
1184;
7331;
15137;
10563;
6961;
2924;
2986;
7735;
2356;
10472;
11420;
1374;
3587;
5783;
3063;
5561;
6853;
8060;
12322;
8179;
12351;
9637;
14099;
2591;
15579;
3453;
7292;
819;
5997;
5100;
8950;
8826;
358;
3004;
12120;
15224;
7519;
5578;
10668;
7178;
1701;
9273;
9907;
4973;
10192;
9802;
10973;
3674;
13482;
4737;
13283;
10424;
5719;
14153;
5021;
4220;
14816;
7824;
14573;
2391;
3389;
6946;
11463;
11417;
3647;
13086;
3325;
3204;
11687;
10814;
6477;
13831;
11694;
11640;
4401;
9506;
6727;
776;
9299;
13782;
87;
13307;
12929;
2809;
6752;
12341;
9317;
8761;
13392;
10220;
11900;
2113;
10995;
12138;
6005;
3886;
12919;
12453;
13080;
13704;
8876;
1377;
15356;
12932;
4977;
9583;
10236;
15559;
6482;
12046;
15659;
94;
2651;
15515;
11549;
11832;
4496;
9296;
3797;
6058;
9172;
14400;
6892;
13470;
229;
13348;
5401;
11895;
2531;
11889;
3753;
1770;
13509;
2202;
4485;
13583;
8912;
9994;
13998;
14714;
10575;
10378;
3168;
1509;
5171;
7702;
1190;
11007;
15472;
963;
14498;
3973;
3007;
10324;
10496;
4089;
11940;
8033;
9214;
8690;
8584;
9657;
10009;
12247;
14736;
12304;
15466;
4062;
12345;
6515;
9376;
1205;
6621;
6556;
15586;
12432;
2336;
3280;
575;
14232;
3867;
2141;
1417;
15294;
13982;
7405;
7936;
11316;
14973;
12203;
193;
9346;
868;
7485;
15170;
15394;
8313;
13993;
227;
3429;
11383;
6620;
3189;
3418;
12982;
8056;
4873;
7083;
15614;
5157;
4472;
11965;
14346;
11491;
10073;
12627;
15011;
4702;
6839;
6171;
7103;
9953;
12128;
5878;
246;
4348;
12182;
6071;
13902;
11538;
12646;
15108;
13601;
9573;
3322;
14606;
12909;
9453;
4883;
6588;
11628;
11352;
4761;
11130;
13801;
7595;
611;
14957;
5243;
13126;
6483;
10905;
5080;
8308;
2898;
13504;
15457;
9597;
1728;
399;
4837;
7258;
14959;
3943;
3912;
1942;
7588;
9511;
4827;
2929;
10148;
10330;
4974;
2502;
8445;
2081;
6567;
6950;
1894;
3242;
2535;
14118;
6919;
2494;
5164;
12332;
14027;
11325;
7068;
4855;
6015;
11655;
471;
10631;
13408;
13870;
13605;
13361;
10616;
1826;
13479;
6706;
12423;
4362;
7722;
10323;
2857;
14077;
5916;
2143;
2384;
13261;
11158;
673;
10141;
11869;
3572;
15686;
10999;
3142;
1986;
2850;
10483;
8702;
14864;
114;
1014;
11136;
14020;
13253;
6881;
3690;
12329;
10226;
14711;
3585;
15419;
1188;
298;
4552;
14301;
5125;
3640;
12824;
14404;
3984;
6819;
3485;
11148;
8898;
11697;
344;
3832;
10485;
8240;
14470;
9545;
9477;
10203;
2374;
5327;
15368;
10906;
3581;
2781;
5151;
13710;
1789;
10551;
11004;
9011;
12016;
9601;
13123;
5435;
12523;
6415;
14874;
12328;
10788;
6551;
13140;
11788;
5786;
14064;
6052;
12602;
14584;
11773;
11801;
13607;
7347;
343;
5843;
8468;
11274;
10447;
9204;
2947;
14136;
6529;
9645;
3035;
4536;
3609;
4917;
3088;
7402;
10294;
11367;
3145;
11071;
10461;
5546;
1364;
935;
12232;
14598;
12661;
3271;
4338;
15482;
1653;
7804;
6033;
8381;
14574;
3269;
3123;
3041;
13446;
1253;
633;
14215;
944;
6987;
6301;
13623;
4121;
6787;
11545;
7254;
4156;
15143;
13903;
14376;
8701;
5410;
15424;
8274;
7032;
2281;
12289;
5834;
8379;
10634;
1049;
6233;
3600;
7146;
11460;
11606;
8553;
8750;
10010;
14434;
4494;
10219;
3787;
4878;
1675;
12112;
3583;
5713;
7449;
6563;
2911;
1475;
9825;
4491;
1113;
6160;
8139;
15623;
12270;
5990;
14081;
3216;
582;
3143;
3754;
1756;
10127;
15432;
5132;
13247;
12798;
14351;
1412;
9603;
9550;
9049;
214;
8408;
2052;
11182;
3361;
1691;
133;
9519;
4510;
8682;
8444;
1108;
2715;
11436;
1199;
4381;
9175;
3306;
551;
5399;
2920;
14028;
8983;
14735;
8596;
14931;
8857;
10676;
4959;
5187;
3822;
14062;
11105;
9791;
5379;
7559;
7877;
6017;
6526;
4597;
44;
162;
5860;
13565;
7879;
3371;
1723;
8811;
10866;
2523;
1251;
513;
9422;
13213;
9698;
13588;
13311;
5378;
4807;
2846;
7594;
1825;
15010;
2065;
14596;
10725;
9283;
3354;
13070;
1078;
9691;
6110;
4451;
2895;
8147;
8327;
12713;
4748;
12312;
10216;
15277;
15663;
11132;
5943;
8135;
8681;
8924;
15403;
8239;
8073;
2580;
14631;
13184;
1090;
11898;
13521;
2450;
7049;
13215;
9652;
75;
12532;
1658;
6194;
10491;
12920;
5440;
1386;
4811;
4164;
5558;
5903;
15133;
12623;
12276;
2621;
14393;
9990;
4427;
6707;
9161;
3627;
10201;
11052;
9335;
9236;
2334;
1212;
6746;
1;
8661;
7677;
10386;
7586;
6857;
13844;
6333;
10060;
10509;
8016;
14145;
13933;
13492;
2061;
3409;
1352;
10111;
10635;
2722;
4578;
8125;
14854;
13814;
8799;
4915;
11346;
1490;
527;
3277;
6446;
3075;
13790;
2181;
2594;
9173;
6601;
10186;
9408;
3537;
12879;
10368;
5919;
8747;
9442;
364;
5712;
11870;
12148;
6131;
9534;
1664;
3656;
8202;
13020;
14665;
9026;
15129;
2055;
11503;
8726;
1736;
10484;
15256;
9676;
2716;
8752;
11289;
2302;
2907;
2482;
920;
7144;
4280;
10793;
7098;
1510;
1829;
13655;
1371;
8930;
8904;
15070;
8545;
10799;
12578;
4602;
13097;
3100;
14198;
779;
2650;
11690;
2179;
14905;
11144;
4169;
12665;
7956;
12944;
10639;
11754;
10321;
9106;
3214;
2905;
8185;
7271;
6788;
1447;
8636;
13959;
15387;
14558;
14223;
6597;
4057;
7497;
12577;
2235;
14302;
5565;
14912;
12881;
4638;
8310;
4368;
2071;
7317;
13065;
3376;
10150;
95;
581;
13871;
2791;
13288;
15555;
1753;
12986;
7874;
1522;
7861;
14327;
14522;
9120;
5322;
5129;
6028;
7005;
4260;
13653;
12419;
7142;
1955;
14861;
3178;
4918;
14323;
5478;
6109;
9431;
10949;
1592;
6932;
1062;
2744;
14947;
14896;
9069;
5334;
6831;
5602;
4286;
14815;
11035;
15550;
8556;
10168;
12153;
3099;
8337;
9674;
6942;
13937;
4945;
2919;
4818;
14368;
7075;
849;
5079;
2320;
11580;
10501;
3346;
5692;
2247;
9739;
14628;
11328;
8916;
9059;
4184;
7947;
8051;
4614;
9414;
5190;
6247;
6963;
9217;
9849;
8923;
8348;
5862;
12497;
3681;
9487;
13691;
8851;
13735;
8660;
2249;
31;
1755;
10499;
14148;
10390;
5281;
11630;
1715;
8421;
9159;
14708;
14945;
7556;
12449;
12918;
11102;
15497;
6397;
11226;
12754;
12931;
4226;
4532;
11749;
15671;
3586;
3375;
5138;
14119;
10026;
6425;
13052;
14748;
1815;
4464;
4591;
6661;
9504;
2934;
406;
11464;
4803;
12287;
12912;
4198;
12508;
9615;
2198;
434;
15386;
1779;
14046;
6096;
176;
841;
961;
7813;
13799;
12024;
14299;
6085;
3860;
6379;
608;
12793;
13150;
12996;
7367;
2676;
7482;
3433;
2439;
13262;
8099;
8565;
10443;
1275;
3983;
3673;
14535;
2786;
4948;
9697;
2701;
11778;
2397;
5640;
9592;
5158;
5446;
7724;
9277;
10761;
2875;
13321;
11338;
1439;
2186;
3848;
8560;
4038;
356;
885;
908;
6431;
12107;
15510;
15035;
14943;
10338;
13954;
6466;
11748;
7943;
14220;
15569;
1591;
6323;
15075;
8443;
2003;
10384;
775;
2877;
7343;
4364;
13337;
588;
2372;
14924;
11001;
1866;
9278;
82;
8235;
12859;
7333;
5938;
7088;
340;
4432;
4160;
4605;
10396;
5393;
4118;
725;
3691;
2908;
4662;
1435;
903;
4619;
12750;
10966;
7346;
6618;
5941;
8330;
2358;
9668;
13924;
2959;
10211;
2304;
2019;
7473;
9314;
12892;
7566;
548;
10467;
1992;
4322;
11077;
12167;
10517;
3810;
14660;
6962;
4352;
3932;
2472;
14837;
5483;
2573;
1618;
2342;
1547;
350;
14392;
4429;
6863;
8395;
13266;
2399;
15031;
8643;
1718;
2082;
4486;
10738;
6633;
6735;
3714;
10184;
5135;
6886;
14188;
10864;
8990;
6956;
13683;
5826;
11025;
11237;
6960;
15248;
6911;
12942;
9765;
3158;
10057;
6210;
3542;
109;
2988;
11941;
11141;
3295;
11970;
7599;
11521;
14288;
3291;
1088;
9455;
3228;
7662;
9642;
9862;
2777;
4190;
9982;
11078;
14856;
9164;
5630;
12687;
12026;
9396;
8177;
4964;
6325;
13014;
11938;
11362;
569;
14689;
14571;
7183;
9051;
4180;
11574;
9178;
3159;
4251;
10459;
10194;
11751;
3390;
5398;
3844;
15307;
14741;
8226;
12693;
6914;
1518;
7838;
14139;
6484;
15360;
10170;
2847;
13531;
14809;
14974;
3051;
10861;
5344;
2910;
5881;
3276;
1704;
9108;
4571;
6579;
4375;
8728;
640;
12803;
1026;
395;
11002;
11122;
14572;
13823;
1811;
3403;
12377;
1003;
15446;
7554;
14600;
6609;
13687;
12833;
10567;
3827;
3367;
3709;
9848;
6076;
12583;
8658;
92;
14358;
15007;
12073;
6785;
5025;
14430;
1479;
14087;
1268;
184;
13751;
3744;
15111;
4956;
898;
9967;
15172;
5699;
15575;
15410;
1250;
3187;
10850;
2632;
4556;
10398;
1193;
5828;
12146;
13990;
5986;
7862;
7996;
15094;
10285;
1837;
2812;
11782;
2773;
5361;
7425;
3487;
7185;
5636;
11085;
9418;
4627;
11922;
9509;
6486;
15393;
4830;
1025;
12451;
7504;
155;
13319;
7507;
12158;
4724;
10104;
12468;
3940;
11438;
12536;
7618;
14011;
4302;
15454;
9465;
3150;
765;
5967;
11214;
3031;
10298;
12520;
14105;
5753;
11400;
987;
6815;
510;
6811;
13455;
6826;
5691;
7231;
1772;
11386;
10079;
11715;
7316;
11558;
15382;
12876;
4669;
13692;
4617;
8364;
10107;
13317;
8625;
13555;
8711;
12447;
4115;
9050;
8270;
6761;
2761;
8173;
2201;
12159;
6807;
1097;
7983;
12654;
538;
9634;
2366;
77;
2865;
2999;
6581;
10188;
13295;
4752;
788;
10313;
14613;
154;
11203;
11487;
4874;
7050;
9535;
12746;
11609;
3773;
7107;
547;
11215;
893;
7886;
8868;
10609;
13881;
13440;
1552;
12748;
6308;
11816;
15074;
11201;
5633;
8854;
1916;
1034;
902;
1627;
5462;
5290;
1628;
5238;
12121;
13582;
9792;
6641;
12655;
12144;
8093;
7342;
6142;
772;
9830;
1021;
8920;
10702;
4266;
10044;
4166;
3592;
13756;
5624;
5449;
913;
789;
1696;
5179;
14334;
14349;
10674;
8512;
9818;
5041;
3518;
3177;
12837;
12771;
7826;
15509;
13989;
9240;
5306;
8392;
4060;
12183;
6802;
1809;
874;
9549;
14168;
7843;
7184;
3980;
10229;
2575;
689;
15612;
3414;
13493;
14704;
2386;
289;
11513;
7360;
11591;
5607;
1893;
9517;
11824;
15462;
8688;
6029;
66;
14648;
2406;
2901;
15396;
14374;
11405;
6103;
6649;
15144;
5705;
9959;
6225;
12546;
7753;
5845;
10540;
2678;
15321;
5682;
15121;
6;
13044;
1465;
14268;
8648;
8347;
11528;
2079;
10892;
15288;
4110;
8749;
15478;
5122;
11685;
5444;
15366;
574;
1119;
2711;
10929;
7135;
9543;
15319;
8371;
8973;
767;
12852;
12816;
15147;
4604;
13740;
14230;
8881;
1285;
9304;
11312;
14744;
11149;
8783;
15006;
6922;
438;
14679;
8778;
3697;
12068;
4689;
7381;
11396;
7924;
10381;
8122;
6320;
2283;
2072;
2583;
10856;
6270;
8257;
11551;
5384;
4864;
5262;
12478;
2213;
11987;
11716;
4291;
5394;
7422;
9768;
5545;
7157;
6157;
13896;
10991;
13243;
14887;
10786;
12037;
1243;
4767;
5596;
15460;
5985;
8048;
2034;
1850;
9727;
8886;
13737;
11985;
9007;
8896;
3426;
10045;
2380;
10;
5040;
9954;
15514;
34;
10024;
4112;
916;
1983;
4162;
454;
14256;
13369;
284;
5678;
801;
4316;
1260;
6527;
6218;
10012;
2355;
2435;
9356;
2820;
2394;
2005;
12135;
4105;
331;
14713;
2370;
10705;
12882;
12077;
12317;
5139;
15093;
4186;
3772;
15587;
3737;
15642;
3226;
2146;
2350;
11062;
7549;
10518;
9098;
6144;
13551;
13843;
3135;
8817;
4133;
2009;
14219;
8845;
13876;
512;
14190;
5832;
6267;
4330;
4378;
7745;
3556;
4185;
7930;
455;
484;
4992;
11603;
10308;
9225;
10053;
6583;
3589;
489;
13084;
8632;
15174;
15232;
4589;
115;
4206;
10538;
7835;
14175;
2308;
8562;
13163;
15014;
9449;
13630;
11686;
832;
12641;
5116;
10820;
5458;
11197;
4635;
9125;
6433;
14185;
10649;
6059;
8266;
13487;
4222;
7695;
11208;
15354;
7976;
8568;
11466;
14709;
4317;
13640;
3343;
9870;
13191;
15678;
8111;
8295;
3034;
978;
10964;
4570;
5562;
3550;
13803;
12070;
4102;
11825;
7583;
463;
13910;
6187;
11119;
1911;
7434;
12928;
2698;
5183;
5095;
6969;
15512;
6616;
10352;
4412;
5494;
13274;
6536;
1801;
11409;
14619;
13362;
10839;
13432;
9861;
11047;
4998;
8200;
10863;
11359;
378;
5112;
4937;
6399;
1907;
1941;
15552;
8569;
14644;
7064;
1478;
13917;
11846;
6126;
10750;
8318;
9561;
5017;
11710;
873;
12712;
12050;
10245;
7961;
9648;
10757;
2376;
10437;
1103;
7752;
8670;
3821;
1609;
12010;
15220;
9949;
15272;
13532;
8390;
10172;
7660;
3523;
6344;
4420;
5212;
5224;
7255;
6747;
5948;
11837;
6151;
3808;
2495;
2339;
12223;
13180;
2741;
4027;
5780;
10910;
7290;
7758;
14202;
13207;
2285;
10723;
2023;
3657;
6302;
15560;
12505;
11461;
6102;
15260;
6650;
9133;
555;
6154;
5174;
8230;
4257;
6315;
10230;
13560;
6862;
770;
13203;
10885;
10401;
2159;
13615;
7903;
11926;
14164;
9498;
14277;
13586;
13124;
4382;
6280;
9513;
10233;
11932;
5082;
7734;
12868;
2318;
14758;
100;
5315;
14131;
3194;
6754;
2199;
1443;
13818;
384;
9943;
14092;
14250;
7294;
10838;
5694;
7479;
2607;
10068;
7891;
705;
9735;
9610;
2830;
13893;
11927;
14673;
6113;
13796;
14940;
1408;
9017;
1457;
10388;
609;
2390;
9339;
7590;
1794;
1842;
494;
4660;
10271;
10874;
7865;
4978;
14703;
419;
5982;
2416;
12558;
13221;
5588;
6903;
1472;
4609;
610;
13856;
11499;
5717;
7224;
1309;
10235;
7173;
13780;
5900;
7883;
10489;
11572;
2517;
9812;
6125;
11489;
13103;
5641;
13121;
4869;
13778;
14208;
1379;
10618;
4488;
403;
2261;
7054;
6424;
13429;
7917;
2821;
11278;
12426;
4525;
8435;
7664;
10908;
13244;
8287;
9274;
7336;
3522;
14849;
15451;
3021;
15182;
2357;
12826;
13985;
6763;
3603;
7475;
9331;
9210;
2425;
11526;
520;
3749;
9584;
14514;
1170;
4215;
5426;
6652;
12207;
3961;
15412;
6508;
8738;
6011;
9547;
11011;
1595;
11110;
11899;
54;
46;
11722;
5679;
10919;
9307;
1843;
13424;
14908;
8628;
8130;
15376;
7529;
583;
2788;
800;
12786;
7455;
3909;
2264;
5738;
14796;
1531;
6405;
12897;
288;
14317;
3396;
300;
1597;
8770;
10442;
4533;
10646;
1534;
18;
5877;
3718;
15418;
14211;
9798;
5454;
8790;
12025;
2507;
15298;
15433;
11894;
13378;
6269;
6079;
11950;
1430;
8795;
2668;
6695;
8828;
11891;
14097;
14553;
3427;
7846;
7406;
13170;
2840;
845;
1287;
6152;
2441;
7686;
1982;
13168;
14426;
5408;
8291;
9046;
8605;
1444;
5251;
2099;
10160;
1668;
2653;
10920;
10921;
12339;
13498;
9115;
1870;
3510;
1791;
3250;
6540;
3648;
15283;
11908;
8736;
809;
1551;
4285;
3428;
5073;
15266;
11842;
1685;
1122;
7170;
6577;
4139;
983;
14213;
10117;
11450;
10821;
4770;
6654;
7671;
6130;
12815;
14878;
11699;
2407;
11951;
6814;
1711;
13567;
8843;
13698;
9244;
15318;
14296;
552;
14802;
9961;
14811;
398;
9863;
6856;
13200;
1812;
3262;
14725;
12086;
8285;
10770;
9820;
9660;
11490;
4020;
12823;
15128;
3286;
12910;
2414;
11468;
12230;
14150;
4067;
8463;
10722;
3877;
3047;
14684;
7791;
8941;
5529;
8140;
14841;
10452;
9916;
8316;
14492;
8465;
7569;
3095;
14734;
9284;
2227;
850;
13394;
5317;
12947;
12027;
3799;
4983;
2465;
3048;
11282;
980;
14271;
7766;
7176;
1115;
9379;
3956;
13216;
7391;
4300;
10942;
1999;
11334;
13944;
8638;
2644;
12022;
5970;
12209;
13502;
6291;
11413;
4985;
9116;
13145;
218;
9659;
14042;
2371;
10256;
4240;
11285;
10354;
9632;
12116;
4147;
13021;
9882;
10241;
14294;
1484;
3079;
13974;
12396;
9381;
817;
7148;
1645;
11019;
8571;
14579;
15177;
325;
9009;
3082;
4641;
7787;
8113;
3352;
11998;
7195;
15492;
12476;
12787;
6913;
12048;
7953;
5104;
5070;
12988;
5729;
1612;
606;
1153;
9378;
11050;
13834;
9001;
803;
13442;
3010;
4795;
6523;
665;
14174;
1314;
4657;
9443;
13755;
4461;
1684;
5178;
6084;
586;
8722;
659;
14266;
9743;
2088;
10670;
1497;
8471;
14827;
431;
6378;
3986;
1646;
3816;
2977;
6667;
11999;
4043;
96;
1351;
15303;
14691;
6565;
11255;
4007;
11261;
2404;
13144;
5219;
15621;
6624;
15320;
6264;
9701;
12280;
7394;
10218;
7023;
11073;
9636;
14440;
3130;
6463;
12141;
9809;
13209;
2993;
8597;
5313;
14953;
589;
2873;
5573;
7003;
4716;
4624;
168;
6521;
9891;
372;
14914;
8988;
6676;
7468;
2691;
3900;
2546;
12916;
1719;
10344;
13916;
4766;
5050;
3836;
12427;
3109;
15683;
6955;
14149;
760;
7172;
6843;
12466;
5023;
3484;
13338;
6203;
1344;
5739;
3985;
10032;
7033;
11906;
9427;
2980;
14508;
602;
3086;
12574;
8926;
4272;
1362;
9158;
2396;
11953;
8583;
4407;
12726;
6494;
4548;
1877;
1234;
7990;
9554;
6511;
3530;
11799;
11848;
5868;
1677;
1555;
10205;
1874;
8252;
7407;
1256;
3221;
15498;
10528;
15644;
4137;
7166;
8531;
14706;
1726;
2597;
1067;
11546;
7778;
15655;
4091;
15426;
5304;
7739;
2593;
10128;
5191;
1071;
10071;
7315;
1186;
11127;
15282;
8047;
10350;
10666;
12062;
5920;
11682;
879;
9496;
14636;
8296;
2689;
1495;
14372;
5612;
6276;
6458;
12614;
4700;
8522;
5381;
11903;
14293;
5114;
8613;
5253;
2892;
8637;
13713;
6003;
4435;
1198;
14408;
3865;
347;
2091;
1827;
13510;
1752;
13425;
7038;
3703;
5143;
7411;
9710;
3046;
4671;
11251;
107;
5516;
9937;
972;
2346;
1571;
754;
4958;
11646;
1117;
2010;
15600;
10543;
9262;
15657;
5400;
12090;
14785;
11305;
13958;
9481;
584;
6952;
10315;
15148;
4824;
6452;
1988;
14812;
13161;
13027;
3902;
5090;
7361;
9476;
301;
4150;
1760;
4312;
14467;
14322;
5287;
9853;
11165;
3298;
7995;
2684;
7860;
5407;
1452;
10638;
2789;
11472;
6713;
7451;
9974;
10594;
12538;
1577;
12442;
14016;
8856;
15064;
14588;
626;
4231;
6346;
13594;
4415;
12647;
15666;
1748;
12260;
6771;
11173;
14697;
12668;
10316;
6230;
10004;
979;
4888;
4650;
10985;
11750;
12973;
6303;
7837;
1651;
14857;
3997;
4664;
1520;
11440;
5353;
2031;
12017;
10120;
12126;
2255;
5149;
4508;
13907;
7774;
1743;
14515;
7927;
3435;
5733;
5807;
14452;
2469;
7780;
5931;
14760;
12007;
368;
6451;
8933;
9568;
9980;
2177;
14199;
12265;
12078;
10283;
10742;
1206;
15627;
13742;
12847;
7412;
6040;
7789;
5799;
10479;
15661;
11964;
7235;
7446;
1500;
7696;
1154;
5134;
6141;
784;
1422;
14497;
13786;
11777;
3037;
8677;
7992;
9960;
7858;
4750;
8219;
5653;
11084;
8104;
13624;
8599;
12555;
2024;
4797;
12311;
4329;
8615;
12773;
11632;
866;
7275;
13467;
14547;
1406;
8278;
2379;
5343;
1648;
14454;
10092;
6904;
2127;
11636;
9939;
6658;
6391;
15563;
8222;
8946;
13695;
3270;
3203;
15444;
4954;
3254;
8263;
13153;
15577;
15244;
6238;
7629;
10441;
9457;
2008;
2704;
15126;
4154;
353;
6970;
15425;
1964;
3692;
5299;
11236;
1064;
1640;
630;
1511;
1005;
563;
6454;
7847;
13399;
9799;
1883;
15504;
14155;
4277;
15280;
2587;
14070;
6472;
5508;
7678;
1093;
15279;
7453;
3743;
14997;
4029;
2054;
13314;
4934;
12570;
15028;
8669;
14543;
2098;
8026;
4106;
15677;
15485;
7223;
13945;
2114;
12503;
196;
810;
6330;
10027;
6674;
2904;
1144;
1401;
11407;
14823;
1777;
10025;
7857;
11330;
12482;
6731;
965;
13736;
7597;
12354;
6569;
3443;
9938;
7872;
5142;
4358;
3771;
11041;
2154;
865;
4135;
4287;
5192;
7167;
3190;
1291;
10605;
13932;
9097;
14523;
10680;
13100;
14443;
5810;
10569;
14518;
3303;
4396;
7126;
13396;
7552;
8975;
15156;
6991;
1451;
1676;
2409;
6050;
12651;
11410;
13403;
15005;
3163;
14304;
5331;
1619;
14678;
5265;
1641;
14918;
9817;
9386;
11195;
10448;
8338;
933;
10036;
13468;
7622;
5347;
12222;
5800;
9559;
14800;
8168;
3622;
13469;
7918;
10353;
10407;
15548;
1880;
4966;
7094;
15488;
10090;
1216;
6833;
5704;
9537;
4615;
2111;
13130;
7741;
10626;
1455;
2710;
8754;
2492;
9762;
1407;
12483;
6004;
12893;
3206;
10312;
5831;
10573;
11534;
126;
14762;
13946;
2900;
7794;
8447;
6888;
8304;
13237;
4218;
3634;
4343;
3863;
1840;
15598;
6411;
106;
1456;
12390;
6100;
578;
8619;
13389;
4771;
9713;
8376;
11172;
14680;
10332;
9866;
3017;
9930;
10261;
5979;
4656;
7668;
855;
370;
3013;
10888;
5942;
14051;
10847;
15476;
4297;
10284;
15516;
2513;
13763;
1096;
11039;
10038;
9130;
8269;
2411;
14894;
3237;
15662;
7751;
4882;
11856;
1780;
14892;
2170;
13245;
8779;
4987;
2387;
3785;
13387;
12593;
3059;
12506;
11368;
3915;
2569;
3391;
9061;
14937;
4680;
10833;
15479;
452;
658;
1172;
4130;
8069;
3336;
10013;
3574;
12446;
12069;
3788;
7207;
6933;
14076;
4497;
6175;
9851;
3964;
12871;
10167;
4009;
14532;
10085;
10317;
5442;
516;
3353;
11232;
5778;
7932;
14875;
2561;
5981;
9205;
3676;
11550;
7120;
14290;
13333;
9871;
10696;
15503;
2204;
6167;
10125;
12540;
5905;
10478;
1635;
13705;
5218;
13767;
14627;
12844;
4282;
8809;
13587;
970;
7296;
9539;
3437;
4214;
10494;
6730;
3174;
260;
12889;
1434;
10258;
10524;
5264;
4219;
15225;
2353;
4821;
11520;
14557;
14757;
10103;
4783;
3569;
12987;
13118;
3474;
4452;
8242;
10074;
5989;
4567;
15668;
3240;
5044;
13246;
10130;
9839;
15340;
8462;
396;
15407;
11433;
9524;
12669;
7230;
58;
2509;
6445;
2363;
7729;
1409;
12609;
8065;
7661;
9227;
4192;
3732;
12590;
6929;
13746;
8646;
2048;
7117;
8277;
8922;
5300;
1300;
10925;
14487;
14507;
19;
13524;
1976;
12542;
1446;
14819;
8133;
13043;
9371;
5664;
6091;
6092;
13251;
13236;
4713;
12373;
14537;
1325;
7244;
13897;
11933;
15591;
11522;
3975;
4004;
12856;
10215;
2266;
852;
4052;
15110;
2236;
5468;
13578;
7228;
11909;
5751;
618;
9290;
3133;
8030;
12264;
1312;
13166;
10405;
9041;
4708;
7249;
7732;
1819;
993;
8710;
6639;
14852;
3419;
11696;
6719;
5615;
8095;
3840;
9971;
2086;
13568;
9489;
7111;
12087;
1854;
14873;
4970;
7101;
7977;
6235;
5932;
9218;
9835;
11347;
12030;
14994;
1961;
1044;
12408;
6623;
7463;
13435;
6643;
13077;
774;
8423;
6951;
2345;
11356;
4682;
3685;
7803;
1356;
5239;
901;
13674;
13368;
3503;
15252;
10003;
5755;
7528;
11343;
9254;
13609;
12154;
6645;
5951;
5715;
10731;
4134;
8835;
4360;
10080;
502;
2817;
21;
3188;
930;
4431;
5854;
1257;
4890;
13045;
14964;
2883;
3497;
2611;
10438;
4127;
15475;
3519;
4405;
2946;
8192;
7632;
5235;
14357;
3597;
7538;
12263;
1218;
13353;
2049;
3060;
108;
981;
6339;
5917;
15117;
10108;
5892;
295;
5476;
11706;
3833;
15631;
10209;
1068;
8672;
39;
11260;
12061;
12537;
721;
13819;
7283;
12295;
4579;
4059;
3289;
14718;
15326;
10196;
14764;
2500;
1739;
11877;
10427;
1990;
14405;
795;
2190;
13824;
7878;
1004;
3941;
1192;
9620;
4599;
1710;
10056;
9964;
871;
7374;
10376;
15556;
4551;
4256;
8438;
8855;
3058;
5097;
5513;
11817;
9842;
9546;
9527;
10771;
15139;
4341;
13645;
14981;
3631;
7048;
14605;
6781;
5823;
15072;
9345;
11698;
13284;
522;
4225;
3447;
2422;
15599;
3186;
924;
536;
15558;
6450;
4013;
8885;
8822;
5415;
6134;
1105;
11814;
101;
2128;
3602;
3906;
4860;
1813;
6574;
5469;
7216;
3789;
14521;
10815;
9855;
13648;
2639;
13955;
4932;
6380;
8448;
14106;
11227;
7991;
5036;
823;
12938;
15619;
11518;
2699;
7516;
4398;
2855;
12926;
3404;
697;
2613;
15071;
4250;
14055;
1944;
5874;
14774;
6634;
208;
15613;
8652;
8131;
15353;
4366;
7580;
10420;
426;
15073;
9593;
7770;
3020;
12250;
1482;
14777;
4742;
1293;
5542;
10682;
15195;
11081;
1512;
12611;
565;
13651;
15101;
9281;
15379;
9926;
2291;
6708;
2516;
5669;
8717;
14883;
6640;
11353;
12660;
105;
14948;
2365;
6617;
655;
11559;
6180;
11621;
6441;
6170;
11509;
10570;
8764;
8600;
3601;
13908;
13148;
13791;
13324;
7128;
5683;
5626;
7853;
8062;
14565;
13675;
464;
10762;
1528;
14750;
8117;
12959;
3521;
7942;
1638;
7854;
12181;
3151;
8523;
4289;
14617;
1350;
7825;
1958;
3747;
10212;
13940;
1968;
13769;
1634;
13325;
5346;
11451;
3481;
7040;
15691;
13304;
12171;
14503;
7471;
4923;
15183;
13227;
7092;
2351;
11975;
6416;
15409;
14941;
9412;
12715;
3752;
4562;
13898;
5844;
2331;
3263;
7608;
204;
15399;
6764;
3231;
14901;
13877;
12129;
8246;
6374;
9032;
4960;
1012;
8639;
695;
14982;
11467;
6341;
12504;
1359;
6793;
13701;
2831;
6497;
13164;
5681;
3838;
10204;
67;
8432;
1867;
2995;
8774;
377;
4914;
3607;
927;
15654;
3870;
7551;
10531;
5385;
13058;
7293;
11818;
14054;
14205;
6289;
9374;
7619;
9000;
2647;
11087;
12291;
11168;
4015;
15045;
5656;
694;
12296;
14388;
8579;
6335;
14730;
8542;
7415;
13715;
15400;
8244;
276;
12013;
2998;
1296;
10962;
12338;
4051;
9295;
7720;
14179;
5872;
14134;
6254;
6112;
3370;
2222;
10007;
1189;
14305;
14659;
15546;
8132;
4315;
9024;
14789;
1712;
15286;
11079;
7168;
9745;
6324;
9030;
5882;
10487;
13825;
834;
5380;
3067;
2420;
2305;
15588;
5330;
8659;
10651;
7456;
13573;
8303;
7074;
7561;
13643;
5362;
7968;
740;
14075;
1124;
11479;
4695;
14241;
8159;
13456;
12065;
3169;
6884;
10698;
10522;
571;
2868;
9741;
1489;
335;
8884;
13864;
4639;
12518;
9729;
2674;
12491;
12004;
7884;
2805;
15651;
11198;
7483;
1904;
9998;
10706;
804;
13518;
750;
545;
7820;
12429;
14995;
13365;
495;
863;
10153;
14935;
14325;
14821;
14795;
5817;
11323;
7236;
7578;
4729;
5464;
13957;
13355;
5896;
7904;
2971;
14722;
10852;
1766;
12838;
7326;
1249;
393;
14984;
8797;
9101;
11886;
5963;
1805;
14060;
4721;
2600;
11309;
3871;
10869;
6292;
4377;
15313;
4204;
15024;
9664;
14699;
4853;
1950;
6488;
11958;
1532;
13147;
12000;
15685;
6837;
7132;
628;
3558;
2832;
6637;
15633;
11497;
15624;
5866;
7768;
8365;
14746;
9080;
15519;
9312;
1313;
8498;
1548;
4254;
2533;
4430;
3896;
11290;
11253;
5945;
7833;
3830;
1674;
11476;
15632;
5792;
13171;
14284;
342;
8237;
2750;
15469;
13505;
8268;
13882;
10699;
12163;
9302;
4406;
1624;
7358;
10406;
1001;
338;
5199;
1047;
11016;
7941;
13661;
9150;
2067;
15198;
334;
14548;
1011;
8043;
2076;
3259;
12352;
7555;
14965;
11082;
10146;
5248;
14776;
6657;
7233;
9695;
6094;
12553;
14538;
5233;
1081;
1977;
6352;
5500;
10410;
145;
14745;
3969;
9071;
4274;
4887;
8189;
1232;
8730;
2493;
4565;
8918;
9340;
14599;
7262;
14330;
12415;
11589;
11553;
1084;
13013;
3740;
14063;
127;
11601;
328;
3798;
4685;
5370;
8970;
13617;
15594;
10581;
9370;
8733;
4426;
10830;
12955;
13219;
12637;
13411;
6528;
3399;
11644;
3809;
3831;
12214;
9541;
238;
6277;
6169;
10810;
9591;
3256;
12681;
4477;
6054;
12052;
5392;
5226;
14655;
12529;
12254;
5651;
506;
10250;
3872;
6385;
11074;
12246;
10357;
13589;
1431;
5563;
14755;
10559;
10327;
998;
11629;
5250;
670;
1499;
7251;
1697;
13427;
786;
13930;
5852;
6978;
13539;
1029;
3235;
1215;
1107;
11012;
6423;
2732;
13076;
8768;
6980;
14569;
7750;
6635;
9258;
6272;
10790;
11424;
12438;
4738;
9764;
11458;
9235;
4907;
5899;
8286;
14171;
8024;
15020;
4835;
12904;
1695;
10512;
11599;
14095;
10527;
10207;
10181;
8002;
6045;
1058;
4677;
9454;
11673;
3875;
1594;
15544;
6275;
13806;
2899;
7332;
6517;
10758;
10787;
11896;
3755;
3316;
14962;
5822;
10134;
13961;
1625;
2446;
7220;
7828;
9843;
763;
4550;
12064;
11854;
11397;
15091;
3470;
10954;
14432;
6143;
11053;
7545;
2338;
12031;
1075;
10109;
1367;
98;
14919;
15204;
7078;
4941;
10084;
13663;
15690;
7654;
13714;
11377;
12389;
11524;
8913;
6421;
12683;
11827;
14583;
2596;
5579;
4745;
14604;
247;
285;
7239;
3411;
8693;
15606;
9694;
8456;
12528;
13859;
4622;
3698;
13483;
5665;
1102;
14946;
12785;
15439;
1299;
15242;
11117;
13269;
6480;
682;
8409;
955;
5503;
14262;
10078;
5547;
12747;
11250;
9576;
7029;
7115;
12257;
6371;
10403;
11789;
11118;
7261;
8906;
3686;
4113;
3952;
3027;
10996;
13453;
14545;
8998;
14833;
13023;
9525;
7852;
7892;
4574;
13413;
9917;
11375;
13757;
4984;
6386;
11269;
1059;
3382;
3679;
11097;
3873;
1933;
3337;
7010;
10589;
6384;
6805;
8610;
5577;
11137;
4462;
951;
12974;
12045;
12009;
3707;
10293;
12990;
4397;
8055;
12639;
7046;
11547;
3971;
9047;
11949;
13784;
5477;
7848;
14343;
1733;
15000;
5279;
10392;
13894;
488;
15052;
14925;
8141;
1508;
11767;
6751;
12594;
12273;
996;
3988;
14482;
4203;
1581;
9222;
8657;
4308;
7219;
14013;
10980;
10040;
12840;
3400;
12168;
12023;
4995;
6388;
8071;
9594;
9914;
4786;
12494;
4;
2189;
2359;
4099;
12414;
12131;
14260;
5013;
4025;
11921;
5352;
2300;
12948;
13296;
10640;
13120;
7162;
3939;
12589;
9153;
11829;
7106;
10826;
5029;
14449;
15637;
13602;
13142;
10582;
12012;
9499;
2471;
373;
5205;
9582;
2664;
1868;
1546;
13391;
14488;
14696;
2030;
3090;
11265;
5020;
7571;
4649;
12971;
6363;
14360;
5958;
4880;
1713;
1177;
13558;
2066;
13836;
8118;
11593;
4228;
5169;
3398;
10860;
14738;
14116;
14539;
5998;
4243;
2578;
12074;
13838;
2244;
5983;
1235;
6168;
5728;
14979;
3552;
7154;
440;
5131;
15639;
6668;
1863;
5360;
5818;
5058;
3351;
13514;
5674;
1818;
4643;
3033;
14580;
2771;
5939;
12512;
1572;
5988;
4585;
5949;
1111;
7574;
9796;
4236;
4971;
492;
14278;
14913;
3118;
13156;
8585;
2242;
10577;
619;
425;
12774;
13650;
3349;
14316;
8837;
7713;
2876;
13513;
9136;
70;
13364;
5406;
9062;
10412;
13697;
9121;
7108;
3377;
1747;
4975;
6285;
470;
7392;
5314;
14860;
9728;
13592;
14710;
9895;
12357;
14911;
9803;
7850;
14129;
14587;
5914;
2649;
9064;
15173;
6396;
8020;
8106;
10571;
14954;
13694;
2954;
3040;
8039;
627;
8557;
450;
525;
13529;
11653;
13992;
10387;
2080;
15564;
3294;
15477;
11307;
8696;
14177;
8866;
3071;
797;
1384;
7431;
1910;
638;
8440;
7414;
4255;
270;
2290;
5647;
10458;
1195;
8265;
13511;
1445;
6105;
5037;
9941;
10295;
1329;
9180;
45;
3514;
2460;
9385;
9491;
211;
12997;
12977;
13666;
9392;
5342;
4140;
9707;
5660;
8084;
738;
14998;
15415;
3736;
3565;
6555;
13420;
13360;
9157;
15019;
13214;
14417;
12057;
8511;
14597;
15141;
7715;
5618;
12603;
12788;
3911;
2476;
10887;
11448;
5115;
11422;
1080;
2811;
6600;
7253;
3392;
838;
9905;
12421;
7738;
9986;
9362;
9502;
4534;
1213;
5062;
14664;
1295;
1283;
946;
1099;
5944;
3321;
10791;
15687;
12460;
10124;
7534;
4419;
15210;
9143;
8115;
14041;
9562;
15373;
14157;
8537;
12455;
13445;
8097;
1687;
10116;
14531;
7122;
5395;
8667;
5450;
3327;
1147;
4654;
11216;
8489;
6367;
13334;
6930;
435;
12940;
4554;
6507;
314;
4044;
6562;
3098;
12885;
4493;
12255;
15239;
5879;
12927;
2256;
13912;
6038;
5541;
758;
8874;
6630;
14589;
3450;
2595;
7055;
11930;
1236;
8966;
6726;
4908;
12398;
8001;
976;
6266;
2705;
12219;
624;
15344;
3763;
10780;
846;
2131;
2115;
2694;
2043;
6197;
7653;
9169;
219;
8936;
7362;
4384;
7576;
5710;
6459;
9439;
11357;
2063;
1039;
743;
3981;
11090;
4079;
323;
9479;
2747;
6564;
9394;
303;
8061;
9252;
10579;
561;
12643;
4665;
2265;
8528;
4991;
9540;
8739;
3165;
14308;
3268;
1998;
12123;
1136;
1363;
5457;
9029;
3157;
14881;
1501;
3800;
4259;
15438;
10719;
10480;
4538;
7975;
6213;
12286;
654;
1425;
13330;
13773;
397;
5035;
12721;
11075;
5064;
1074;
10377;
15325;
2092;
5509;
7727;
161;
391;
7691;
9360;
7714;
2787;
6460;
14463;
3774;
13728;
5145;
8832;
10684;
14898;
3858;
13813;
8123;
12204;
9148;
4239;
3913;
3491;
7198;
13006;
6111;
257;
5619;
11371;
7025;
3894;
4559;
8064;
942;
10031;
5580;
6544;
2175;
7280;
10006;
12365;
11972;
6975;
7304;
5240;
11437;
15308;
6860;
13835;
9995;
14985;
9353;
8521;
9912;
12521;
5585;
13310;
14961;
11272;
2101;
3355;
11177;
4303;
10970;
5977;
10307;
8120;
2116;
197;
3524;
7248;
15004;
5512;
8496;
8422;
10724;
6060;
4376;
14794;
1400;
7757;
386;
14687;
10798;
10599;
14281;
6902;
1626;
3182;
6108;
11507;
1152;
13382;
14670;
6073;
3733;
7321;
9139;
14354;
12072;
13149;
5980;
5714;
1745;
12191;
8793;
12835;
1073;
1875;
8311;
925;
88;
8025;
941;
13840;
5333;
4513;
3632;
8137;
4710;
14771;
9187;
7102;
14274;
12430;
2103;
9731;
10604;
7495;
3914;
8289;
3557;
12378;
7760;
11847;
10444;
3200;
3363;
7436;
1690;
6319;
14970;
14143;
9190;
14391;
1297;
6852;
3087;
10425;
4848;
6115;
2183;
122;
11688;
7818;
5107;
14214;
6738;
8974;
10711;
14766;
1161;
11892;
1340;
14132;
3683;
15650;
1086;
9522;
4947;
12160;
13250;
10655;
1526;
14397;
956;
10369;
14383;
9311;
1262;
2219;
7298;
7931;
7131;
6271;
10912;
15348;
12775;
13054;
11072;
744;
13423;
12934;
1324;
8334;
7461;
1858;
13242;
71;
6944;
1578;
5493;
7194;
2538;
9025;
1763;
532;
5060;
6733;
8328;
8362;
10069;
12970;
11539;
8642;
14863;
4834;
8148;
9845;
6912;
9867;
861;
3811;
4838;
7480;
15287;
13900;
14195;
6926;
9152;
14224;
9146;
15271;
1946;
5627;
2301;
2182;
15163;
2528;
194;
15343;
8218;
7211;
15521;
2310;
11803;
11217;
8357;
226;
6749;
1403;
3413;
4519;
1217;
4849;
15506;
7081;
8871;
2172;
10782;
676;
13580;
3977;
3395;
8911;
1305;
491;
9247;
1334;
4187;
13535;
1240;
15567;
13438;
8481;
1912;
8477;
8612;
9323;
5298;
3898;
3302;
11506;
2117;
10927;
14147;
14527;
15431;
11743;
3554;
1724;
9736;
6290;
12185;
10333;
1342;
11747;
11054;
7954;
5161;
4630;
9675;
15502;
6744;
12435;
10533;
6725;
2487;
11994;
12402;
10611;
2184;
4847;
2734;
2645;
2120;
5797;
15538;
13383;
3636;
7922;
1744;
14050;
7470;
647;
7356;
2525;
3008;
4518;
1016;
4942;
14780;
10883;
5689;
10913;
15416;
477;
4952;
557;
6838;
7683;
2452;
7505;
2557;
10693;
14645;
7276;
1288;
1559;
371;
3064;
10546;
9111;
12599;
4826;
860;
313;
1553;
13299;
9604;
13649;
4651;
15227;
15201;
11570;
14983;
14986;
4288;
2548;
5908;
11151;
4054;
8247;
14120;
3069;
10658;
15254;
15381;
5153;
2673;
9654;
5177;
1460;
1847;
14019;
5390;
3342;
4142;
3854;
13344;
8872;
3341;
9018;
1421;
1454;
1504;
10191;
14389;
6006;
3887;
13287;
10000;
8284;
1302;
7007;
1318;
8801;
7076;
5893;
9289;
12428;
11863;
9270;
5117;
6182;
13707;
11652;
8345;
14602;
7531;
5436;
7319;
7454;
7579;
12670;
13947;
10404;
10549;
8751;
5709;
12906;
9409;
6867;
9773;
10994;
5668;
13516;
15296;
9219;
10158;
4885;
6407;
1428;
1962;
1492;
4390;
5534;
12489;
6782;
6034;
1276;
9553;
2660;
6832;
7124;
6608;
5159;
9968;
12526;
8808;
13055;
2196;
2415;
686;
3708;
7499;
2230;
6589;
8401;
812;
15036;
10058;
11188;
10033;
3498;
4221;
12056;
6937;
3080;
7642;
15674;
6716;
8953;
8359;
2730;
1716;
13158;
14084;
15209;
5154;
13196;
8962;
9297;
12525;
3116;
1423;
6389;
9972;
10633;
1940;
2280;
728;
13827;
12294;
7655;
7870;
15523;
5217;
4120;
2623;
2107;
12434;
1600;
8731;
6680;
5976;
7440;
1783;
222;
15568;
2508;
5203;
11681;
1549;
5721;
3461;
7546;
10987;
1873;
4123;
3551;
7909;
8957;
15635;
7028;
9250;
268;
731;
12612;
2367;
1271;
5671;
10174;
8513;
14897;
7426;
3783;
11956;
6709;
3650;
8372;
4196;
11826;
6698;
7289;
3780;
9084;
13047;
14969;
12411;
14778;
9320;
11277;
12111;
191;
7042;
11393;
12440;
15038;
2769;
7950;
4056;
14939;
12634;
6120;
239;
8369;
11815;
9052;
6014;
3026;
5377;
8687;
10876;
1069;
3198;
164;
5188;
4909;
11350;
4655;
1378;
9137;
8999;
12898;
12606;
1954;
10371;
2882;
5311;
1143;
10894;
12336;
1973;
2973;
11049;
15634;
9249;
11684;
10911;
5767;
15152;
5883;
5230;
9828;
10637;
5263;
2059;
10362;
6927;
7382;
7354;
2760;
613;
5016;
8503;
14209;
8312;
3807;
11465;
10805;
9110;
4575;
1515;
9077;
9012;
3555;
657;
6636;
6456;
8167;
14026;
14797;
14159;
14295;
8009;
9617;
15445;
3934;
14955;
14950;
4363;
9104;
2505;
9123;
12911;
12543;
1974;
11322;
201;
15080;
9471;
14421;
13999;
10477;
4631;
11510;
15421;
8794;
14366;
48;
47;
7726;
4417;
1063;
13115;
10547;
5502;
10395;
2424;
11435;
14017;
9103;
6976;
4223;
8735;
12783;
14197;
4728;
2136;
936;
15401;
7784;
13083;
6613;
4989;
1799;
10572;
13282;
12151;
12202;
9315;
1621;
5244;
8846;
13249;
1056;
10133;
13629;
4603;
7582;
262;
3281;
3335;
1601;
5849;
15016;
5216;
14787;
6402;
11138;
8433;
1688;
12805;
2389;
8195;
279;
7214;
847;
2259;
5049;
10152;
8449;
12566;
423;
9470;
5022;
3038;
12099;
700;
11345;
2733;
15389;
505;
6237;
5658;
5802;
11954;
10957;
14411;
12548;
1200;
1556;
7452;
3202;
306;
3680;
12696;
1623;
6007;
9606;
7699;
7648;
321;
15025;
14866;
8813;
14228;
8892;
2070;
11268;
8081;
11830;
12900;
2827;
9640;
5961;
12234;
14728;
12303;
9621;
4755;
14355;
6610;
14611;
6372;
4584;
8842;
9587;
1061;
11624;
1141;
12976;
13073;
15526;
8536;
556;
5576;
2215;
7601;
2994;
7782;
11714;
216;
2748;
8209;
13197;
3958;
14367;
6317;
5907;
5419;
12281;
7323;
8425;
5659;
9518;
8955;
10093;
9823;
5376;
10586;
773;
12937;
375;
3820;
1932;
919;
12671;
9186;
8767;
9036;
5853;
8902;
1665;
3696;
6662;
2702;
8609;
4658;
12767;
1493;
14036;
4865;
9488;
10361;
4823;
2726;
1831;
8260;
12271;
84;
652;
15508;
3468;
15371;
6631;
11796;
5522;
10898;
7034;
7842;
9196;
917;
3233;
5085;
2453;
3665;
3471;
977;
5101;
4045;
5463;
13306;
8154;
7530;
13012;
13305;
897;
3745;
1338;
6174;
11270;
5259;
14551;
69;
2053;
1568;
5599;
3460;
10858;
6116;
1935;
3115;
5510;
3593;
13195;
13005;
1385;
11104;
12104;
78;
5871;
2945;
4772;
14620;
14154;
12139;
4170;
10740;
9417;
1947;
3014;
553;
2549;
1956;
3347;
9712;
1323;
10370;
881;
711;
12539;
8824;
10783;
12738;
4679;
2274;
9223;
9174;
10803;
6890;
14285;
1994;
13572;
6321;
333;
9742;
15487;
12796;
3148;
7119;
10320;
11020;
13302;
8732;
7413;
5451;
3332;
12258;
15054;
12196;
9083;
14217;
4691;
1349;
11326;
6917;
6068;
8647;
11995;
3748;
12801;
11228;
1923;
11395;
15013;
9881;
1793;
7796;
8484;
10965;
7520;
5538;
5425;
8094;
2913;
3144;
2375;
10931;
14885;
1310;
4307;
9082;
7457;
6199;
13128;
11170;
10968;
13448;
9410;
13980;
1336;
15345;
13822;
6435;
15218;
3520;
13865;
10359;
4270;
9168;
891;
13473;
4558;
13301;
15299;
8734;
5814;
9341;
7085;
3903;
603;
11175;
13712;
13096;
8611;
9776;
3015;
8940;
7809;
10840;
13486;
13117;
3599;
5170;
3543;
2449;
10358;
11056;
13542;
2654;
7447;
10225;
4446;
9243;
14865;
6236;
9775;
13846;
10647;
13595;
3620;
5889;
1538;
1267;
4815;
14315;
8259;
12862;
12386;
421;
1270;
11240;
9166;
8875;
15536;
13351;
14622;
13772;
3528;
15553;
332;
12268;
2890;
14267;
5796;
15501;
448;
182;
843;
8021;
4563;
4640;
3199;
1279;
1765;
13766;
7134;
5271;
10937;
11561;
3561;
14342;
5680;
13426;
10988;
6748;
615;
1066;
9544;
12218;
13576;
7000;
8676;
5827;
2442;
11496;
5936;
14298;
11727;
13792;
12752;
2915;
14286;
3056;
703;
7281;
10460;
905;
2241;
2232;
13113;
13111;
791;
12306;
2841;
7291;
10348;
831;
10282;
13949;
3847;
6095;
4703;
9450;
6334;
13428;
14181;
4487;
10408;
7515;
10466;
15626;
3511;
14052;
7797;
1159;
11475;
1737;
8634;
14466;
13837;
7951;
10992;
12393;
12170;
9520;
10532;
10157;
14365;
2544;
10272;
14650;
1725;
5220;
1043;
12534;
10768;
1076;
1450;
1682;
10473;
13179;
6093;
10561;
14839;
7533;
13374;
12186;
3147;
8391;
5320;
1798;
716;
15189;
13809;
5837;
8706;
3653;
5258;
3097;
2952;
1722;
15169;
7410;
8624;
9629;
947;
9199;
13991;
7617;
10930;
5782;
9002;
9300;
14414;
309;
5197;
6495;
4859;
2682;
2251;
11163;
13475;
11977;
2464;
10955;
12708;
9991;
6986;
2050;
3380;
10505;
10819;
267;
13702;
6786;
2112;
2799;
7502;
14586;
9822;
2412;
3442;
14352;
7893;
3288;
10382;
7366;
14668;
1473;
2045;
13563;
11040;
13059;
7747;
5053;
6186;
8914;
11769;
2163;
4008;
3904;
9015;
12387;
7429;
11068;
10701;
9194;
15664;
13963;
7630;
4155;
13693;
677;
6375;
9407;
999;
73;
10426;
7263;
9464;
3781;
13329;
4460;
833;
8766;
11990;
892;
8626;
3563;
11358;
2490;
9093;
5249;
15392;
1900;
8321;
10823;
7373;
9921;
12725;
15656;
203;
5234;
745;
5953;
5993;
2164;
365;
14828;
7368;
9625;
8921;
11731;
599;
14170;
7057;
3922;
2489;
6176;
4380;
2667;
5067;
6398;
14592;
11427;
6679;
12499;
5937;
5726;
12500;
5054;
5700;
12244;
6338;
15127;
564;
11689;
5063;
12187;
1589;
7718;
13258;
7339;
2948;
10506;
4884;
931;
4092;
1087;
1488;
10873;
12804;
9344;
6675;
12860;
3727;
6584;
2893;
11533;
6239;
12905;
5934;
9859;
8678;
2912;
4361;
15047;
6798;
5328;
10950;
15341;
14458;
7871;
10190;
4111;
7689;
13265;
1045;
4207;
12495;
688;
13745;
7383;
2619;
6656;
12109;
15365;
2176;
501;
825;
5373;
8928;
5788;
9014;
7352;
6377;
6578;
12794;
14030;
13087;
7314;
14484;
11762;
8715;
6191;
6722;
14639;
11147;
15167;
1535;
10097;
4413;
600;
1146;
5686;
3212;
3434;
4345;
2757;
8694;
10431;
3387;
4573;
13419;
6061;
13633;
3869;
8558;
9929;
4852;
9844;
1002;
5696;
2135;
2807;
11101;
9351;
10822;
2022;
439;
1098;
4498;
9865;
5569;
9170;
5523;
5769;
2483;
3422;
11288;
5723;
12362;
6326;
13738;
3639;
6464;
10818;
14201;
3323;
5285;
6489;
13025;
14603;
14799;
15601;
3933;
10268;
15543;
3304;
6870;
13575;
8744;
6690;
9435;
14044;
14373;
9003;
9590;
957;
13849;
8340;
7204;
8989;
9850;
6743;
7380;
10901;
10558;
642;
9797;
11614;
8572;
7522;
6920;
6008;
4469;
12381;
123;
15545;
5910;
11548;
13948;
3490;
13811;
4177;
3073;
14701;
2254;
11943;
9181;
14001;
12108;
5765;
2655;
8967;
15105;
11642;
345;
5775;
854;
835;
1529;
10173;
2677;
8380;
1906;
796;
3725;
7807;
11852;
5256;
5231;
1415;
9387;
4961;
15352;
14183;
7462;
5382;
11484;
1662;
10857;
7066;
11627;
3308;
2942;
12759;
10135;
15430;
2672;
11919;
12822;
4697;
5280;
1882;
13635;
6376;
13749;
6779;
9206;
6485;
13370;
2238;
524;
11055;
12935;
4773;
7386;
6606;
11100;
8937;
11597;
769;
15194;
5554;
12463;
158;
14082;
13657;
7602;
10070;
4863;
14182;
12733;
12658;
2481;
7187;
13682;
382;
5247;
13238;
13371;
6835;
9898;
15584;
181;
11723;
12420;
13577;
11804;
10781;
2951;
13888;
2319;
9452;
6516;
5489;
6572;
2529;
9656;
1949;
8234;
5417;
5371;
8991;
2749;
2486;
13167;
8455;
7465;
6090;
7712;
4389;
13626;
4676;
7069;
12888;
10397;
5675;
12410;
11171;
9354;
7577;
2874;
13491;
1519;
10963;
15436;
6626;
12858;
5497;
14361;
6461;
11523;
6905;
14137;
251;
5345;
14255;
13312;
10642;
4470;
3439;
2468;
939;
13550;
6732;
5229;
13183;
5613;
6972;
8525;
8458;
13895;
244;
1860;
11583;
8442;
2400;
2298;
2205;
3360;
10934;
12764;
7749;
14101;
6971;
2220;
11613;
9309;
348;
8439;
2815;
3272;
4625;
297;
593;
7743;
10051;
13804;
14061;
7600;
12601;
10691;
12110;
1137;
8840;
5824;
15030;
111;
2085;
5781;
14321;
185;
5368;
14893;
32;
9906;
10879;
12851;
9950;
10325;
11992;
12249;
11638;
10766;
3345;
14310;
8595;
6869;
337;
3742;
11142;
3232;
2418;
11979;
15229;
1610;
7567;
11835;
8096;
3829;
3430;
4613;
2042;
535;
7744;
6510;
6806;
2455;
9810;
14104;
1762;
13032;
6983;
4758;
1317;
12716;
12149;
3043;
11619;
8112;
11508;
13500;
15222;
8700;
4857;
15672;
1072;
1219;
4950;
10462;
2426;
6745;
3184;
12340;
243;
2567;
9269;
10343;
11283;
9266;
10967;
11135;
4284;
9915;
189;
4269;
10439;
2834;
8134;
10916;
15181;
13988;
1705;
4167;
7056;
6848;
427;
4393;
12817;
10688;
3405;
13764;
8152;
14879;
5282;
1599;
8204;
13206;
968;
4450;
15236;
2838;
2361;
7489;
255;
1689;
6678;
4245;
6074;
1030;
13225;
13132;
14977;
12592;
15001;
12199;
9807;
8945;
11505;
1173;
6000;
10251;
12465;
12155;
4586;
13356;
13874;
8109;
2330;
1888;
7200;
8145;
11991;
3947;
13385;
11537;
1259;
2239;
2989;
1953;
11876;
13680;
4764;
10568;
8964;
5156;
13182;
10565;
7240;
9681;
7541;
11611;
14495;
293;
4374;
13326;
4943;
14090;
4754;
13257;
5359;
14751;
9131;
2742;
12262;
12866;
6642;
9209;
7243;
11355;
6256;
7963;
14715;
12192;
15463;
1660;
5200;
14382;
6767;
1037;
1048;
8102;
408;
3373;
14635;
466;
13667;
2565;
4618;
153;
7125;
8105;
1375;
8157;
4793;
15120;
5833;
14398;
13;
3441;
15258;
4927;
10520;
8698;
4237;
579;
12462;
2599;
3502;
8938;
13431;
14331;
15003;
2096;
4981;
14191;
5741;
1892;
8792;
120;
2165;
15361;
10030;
13533;
9260;
15629;
822;
3338;
3962;
4515;
12522;
10180;
651;
13202;
7274;
12961;
14445;
9528;
2925;
1130;
4153;
15051;
9860;
7756;
4171;
311;
11221;
11733;
5431;
9319;
10189;
12412;
15066;
12315;
9717;
4784;
1796;
2669;
7914;
13771;
14798;
7670;
8375;
7805;
1683;
13072;
9846;
9755;
12125;
6234;
8708;
2916;
5367;
11190;
11968;
3179;
2348;
10736;
4423;
3644;
11717;
10269;
14012;
6209;
235;
13953;
9393;
8673;
567;
5830;
11857;
1487;
12873;
187;
14781;
1887;
8893;
9151;
2253;
6163;
449;
10690;
14949;
8488;
4900;
11022;
4809;
4344;
2228;
4202;
15660;
3366;
10208;
12701;
7946;
872;
8566;
3630;
199;
15132;
1629;
220;
7970;
11805;
8956;
14226;
3921;
13489;
11301;
13996;
6268;
7327;
5590;
4334;
764;
10895;
1163;
6098;
5888;
1590;
14035;
12404;
9065;
8833;
10990;
2576;
15528;
13224;
10733;
2666;
14530;
1009;
12884;
14418;
5195;
3180;
12081;
7510;
3760;
12161;
2917;
130;
11790;
5676;
9526;
12813;
14980;
13460;
14074;
7570;
9662;
14891;
12969;
3245;
12952;
2108;
7958;
2094;
4023;
15162;
12194;
6659;
10001;
11454;
15350;
4965;
14688;
2526;
5308;
14187;
5061;
1289;
5763;
15327;
10400;
12848;
4806;
5034;
11529;
4383;
4564;
2708;
3334;
6088;
13176;
2776;
11708;
13358;
2427;
11504;
14269;
4594;
964;
12659;
6549;
9343;
6138;
12267;
7536;
5146;
15250;
7206;
5051;
15675;
4903;
13151;
878;
8005;
1979;
4165;
4674;
14429;
10418;
13950;
14753;
14922;
15649;
6934;
6018;
11885;
5471;
9811;
5175;
6985;
6351;
3492;
9198;
5094;
4191;
7663;
13634;
13794;
11639;
12914;
12694;
11947;
8714;
4061;
5548;
2307;
10541;
3793;
7202;
14582;
9667;
6206;
137;
14848;
10663;
11915;
1938;
14733;
6309;
8850;
6615;
14693;
7247;
14862;
1905;
7869;
2547;
13271;
7915;
6228;
14471;
9221;
12335;
4540;
2294;
11385;
8862;
13612;
6304;
9716;
4719;
12323;
51;
336;
6055;
1757;
3001;
9973;
11916;
3954;
4749;
12806;
4097;
4042;
1321;
990;
1060;
8294;
15618;
11765;
10600;
3378;
15362;
15008;
8426;
12136;
2078;
11257;
10650;
2520;
11009;
12211;
11928;
6655;
4642;
10811;
733;
10015;
12622;
12383;
5734;
5420;
8827;
1659;
83;
5759;
6542;
4801;
8264;
7698;
7477;
9628;
2886;
1292;
28;
10232;
4441;
11756;
2388;
10890;
112;
5459;
14193;
8276;
447;
9942;
12941;
11159;
1220;
441;
4955;
10341;
8411;
13437;
12585;
9854;
13743;
4814;
15499;
3999;
9100;
6101;
3055;
14581;
33;
1670;
11884;
7432;
15385;
11656;
8758;
13943;
14720;
1203;
9468;
422;
97;
11514;
2552;
5455;
14115;
1730;
6481;
14420;
894;
722;
1151;
5582;
13662;
14529;
9332;
7967;
1402;
12471;
13041;
3494;
1246;
291;
2032;
11329;
6434;
5517;
11098;
12800;
13441;
12079;
10747;
8034;
8894;
11206;
5560;
12644;
11800;
14910;
3843;
10735;
11187;
9438;
5102;
13476;
8829;
15452;
277;
6025;
11787;
10915;
14444;
7694;
195;
1993;
3049;
1156;
13099;
12535;
5078;
11331;
4230;
3721;
14022;
8144;
15358;
8907;
2745;
12114;
12242;
10119;
9521;
13186;
5246;
15124;
12829;
2313;
7444;
9515;
15241;
6360;
9421;
1101;
4632;
8890;
10721;
15676;
8205;
15200;
1055;
2035;
14037;
10502;
3687;
9888;
12567;
10607;
1418;
1517;
13541;
7189;
1277;
8651;
12213;
5358;
7071;
1857;
6734;
13464;
11432;
862;
12597;
4566;
15620;
5150;
13280;
11807;
1959;
10210;
6711;
10147;
12939;
7657;
4253;
12454;
8194;
4805;
3000;
7902;
5339;
7802;
2501;
10237;
11300;
16;
6053;
13210;
14282;
6067;
8960;
6145;
14570;
6395;
12348;
7679;
10305;
9177;
5172;
11760;
14258;
6043;
8054;
3857;
6314;
4997;
4732;
4872;
1112;
14705;
12758;
3106;
8663;
8343;
9308;
1138;
11478;
8078;
14280;
10804;
14585;
367;
15267;
15323;
5005;
12789;
2224;
2736;
8879;
217;
143;
9563;
11202;
5625;
7645;
10891;
7646;
11637;
11449;
5962;
1917;
15115;
3209;
4762;
896;
5964;
3124;
451;
12407;
10544;
12431;
10834;
6560;
12792;
5663;
5319;
9780;
9806;
8229;
4810;
2347;
14868;
11212;
4325;
13517;
8280;
3880;
14459;
15329;
2670;
13255;
3995;
1486;
13557;
9682;
827;
13787;
8561;
7192;
1448;
11753;
13739;
11284;
2459;
4290;
13534;
4999;
3274;
2735;
4293;
2624;
12807;
7641;
6717;
9399;
2185;
10741;
7305;
12485;
3287;
13272;
11088;
15339;
11978;
12015;
10685;
5984;
13833;
11387;
13525;
12850;
2854;
7116;
5324;
9588;
4553;
11145;
12272;
15582;
11032;
12238;
11271;
8174;
5452;
3851;
12417;
9460;
7535;
12457;
8008;
7709;
15207;
11658;
10775;
11239;
10349;
144;
3512;
6366;
9623;
9096;
10580;
5167;
729;
7649;
5120;
914;
12869;
11761;
639;
771;
6651;
14657;
14135;
14542;
14416;
4661;
14775;
3812;
12251;
12392;
3111;
15085;
1481;
2795;
9646;
10132;
7442;
7637;
7070;
6977;
12437;
12156;
14086;
8629;
5773;
13527;
7997;
14395;
11798;
1372;
14491;
4812;
11044;
4318;
13596;
15646;
8654;
6916;
2321;
1513;
3101;
5412;
3081;
3475;
9819;
11744;
9864;
468;
2206;
6808;
5611;
3152;
9963;
8388;
1655;
13178;
9368;
10590;
2077;
870;
14438;
2940;
4832;
671;
15082;
3849;
6030;
4094;
808;
5403;
1872;
10519;
11031;
684;
8382;
8903;
2738;
12165;
12350;
11721;
13418;
7811;
9347;
6694;
10243;
7390;
3220;
7027;
10958;
13443;
9572;
10935;
10066;
462;
4601;
5913;
8101;
11772;
10809;
15434;
15440;
3643;
281;
2921;
5895;
3138;
15338;
13089;
6974;
6123;
4141;
4986;
5890;
11415;
3193;
5684;
6696;
24;
2718;
4309;
8530;
2862;
508;
10917;
2068;
10854;
1006;
2026;
13131;
6677;
14630;
234;
621;
8251;
2617;
10687;
13316;
9627;
1133;
3775;
3862;
12616;
1800;
3504;
5404;
3571;
6682;
1458;
1229;
6019;
14842;
9760;
14793;
7728;
4637;
5861;
14009;
11736;
12510;
2;
13003;
12960;
10246;
10043;
14124;
12113;
6503;
4906;
4143;
12033;
11823;
11704;
4673;
10596;
4921;
4690;
2133;
5648;
11156;
13433;
4443;
11867;
12130;
14932;
9469;
15106;
1035;
420;
2039;
14320;
10632;
13914;
9805;
15262;
481;
8223;
11989;
3629;
7129;
9279;
3770;
4688;
177;
10098;
3694;
14176;
12576;
320;
3042;
10292;
8476;
4428;
9883;
7019;
15565;
7210;
15037;
534;
1909;
59;
11562;
13143;
3039;
7779;
15471;
1010;
736;
10291;
15168;
10704;
8580;
4668;
6080;
8170;
7537;
6260;
6364;
5552;
11109;
6229;
8810;
2075;
3065;
1924;
1227;
2197;
14513;
11304;
8586;
433;
11806;
4161;
6558;
2352;
14399;
928;
10746;
8692;
9981;
9327;
9564;
14067;
8909;
5605;
701;
4686;
11014;
7087;
15009;
13628;
8518;
5957;
6136;
4010;
2084;
10154;
2105;
7606;
8831;
15090;
14247;
8454;
12568;
2902;
9155;
1569;
10644;
11914;
6253;
15447;
8453;
1980;
150;
5302;
1013;
4894;
6865;
730;
9005;
4899;
14814;
7589;
13129;
554;
3819;
10267;
12901;
7191;
6965;
14478;
4881;
14888;
3224;
12605;
5952;
614;
9505;
12347;
4788;
12812;
2822;
7484;
8398;
11881;
15484;
476;
3127;
2327;
11455;
756;
13029;
3612;
3036;
8539;
12846;
11735;
3734;
11693;
5808;
778;
12703;
14956;
10539;
6198;
11134;
15351;
8773;
11006;
13051;
5275;
2157;
12119;
12751;
2262;
5202;
13747;
357;
13094;
11152;
5194;
1969;
12366;
14536;
1083;
15276;
5118;
12486;
10772;
6879;
8996;
3580;
10597;
15205;
4744;
8929;
6653;
9105;
3998;
5098;
10446;
456;
9750;
7717;
5487;
6173;
3746;
12828;
14519;
7836;
14917;
3957;
8986;
10938;
7355;
7964;
11973;
5093;
7065;
3456;
577;
15679;
7330;
7900;
3297;
7012;
11023;
2296;
3776;
5703;
13722;
7110;
13461;
7737;
13604;
8058;
3908;
9019;
210;
4320;
14835;
11034;
2589;
11162;
5543;
10870;
723;
5880;
12968;
5746;
9856;
6947;
5924;
13254;
8506;
8662;
6692;
14510;
12729;
294;
3826;
2828;
11904;
5603;
2542;
2240;
12150;
5987;
4031;
1411;
1116;
9193;
9282;
3181;
2233;
9984;
2843;
6184;
1637;
11912;
2282;
2640;
259;
3544;
8000;
3955;
9749;
10360;
5277;
7241;
12028;
14039;
14934;
5482;
12631;
11626;
310;
6208;
10252;
12035;
14560;
12855;
14314;
14222;
11258;
5567;
12082;
7421;
15328;
7186;
10587;
8942;
6940;
15669;
5894;
12762;
14218;
13169;
9624;
13921;
15383;
2860;
2074;
13146;
12795;
4925;
9693;
13724;
7638;
5081;
14303;
5544;
576;
10482;
12020;
2212;
3458;
13727;
13673;
1554;
8910;
8502;
15310;
7313;
1864;
11453;
14289;
15089;
10714;
10720;
10214;
3356;
4101;
10953;
2458;
475;
11608;
8089;
8267;
757;
12664;
9363;
8755;
7467;
4544;
12253;
12811;
500;
13434;
1050;
12519;
4781;
8431;
1714;
465;
15187;
6442;
3239;
15202;
4294;
8082;
1614;
12172;
10619;
4707;
2937;
6099;
6469;
5387;
9200;
4425;
13279;
14344;
174;
11462;
13978;
1274;
5031;
685;
8576;
5766;
3610;
6989;
1844;
8865;
3803;
12093;
10063;
11944;
859;
8984;
7742;
1896;
11647;
2906;
8877;
15235;
9075;
1732;
2935;
10749;
13422;
10464;
12443;
3002;
3806;
12657;
5443;
13228;
6258;
14549;
7682;
10011;
9618;
12043;
9880;
3505;
9605;
8508;
13867;
14485;
12134;
2800;
1543;
274;
539;
2478;
14018;
11169;
1239;
1557;
1273;
8470;
5278;
8012;
3613;
3125;
2258;
13303;
15595;
11719;
7147;
1539;
3777;
13211;
14511;
7562;
15145;
877;
6086;
256;
407;
1735;
4825;
2428;
4026;
2683;
13611;
14490;
4310;
8538;
4514;
13088;
4751;
1432;
2532;
5260;
3617;
910;
9128;
141;
9313;
840;
10021;
3953;
8515;
10262;
13829;
8175;
15367;
5918;
11225;
15456;
5225;
11113;
5597;
8417;
13401;
9091;
7257;
12867;
10765;
15520;
11755;
4252;
13490;
15197;
2719;
9643;
9425;
12326;
8514;
2985;
14651;
7693;
7334;
9847;
8944;
8712;
13554;
4438;
15406;
9696;
4833;
5000;
12650;
5935;
13890;
13987;
9068;
13523;
3448;
12375;
14623;
2007;
14140;
8631;
2563;
5555;
55;
15012;
1480;
5645;
8469;
13436;
1920;
4931;
11774;
7015;
10602;
2566;
14752;
149;
12615;
9794;
2604;
2225;
5185;
7153;
2211;
9711;
4146;
15226;
3978;
8050;
3655;
15069;
12053;
7547;
6248;
13416;
9192;
8317;
12406;
3285;
3488;
7908;
8939;
14473;
7419;
6381;
13777;
7799;
15541;
986;
2703;
7821;
5266;
12878;
11414;
4371;
4168;
13375;
8184;
9536;
4119;
14006;
3654;
9730;
13233;
7159;
9702;
992;
7509;
4386;
11408;
8290;
13239;
15670;
12626;
5052;
2849;
7428;
8446;
7680;
12493;
14496;
7441;
5966;
4306;
13952;
5111;
11946;
11376;
7338;
13918;
14564;
1544;
13884;
7633;
6789;
5559;
10222;
13597;
6689;
1997;
14963;
15150;
10106;
9365;
4145;
13309;
10886;
9233;
4032;
13127;
11729;
720;
4053;
14384;
11204;
11841;
3359;
14385;
6211;
10470;
10784;
7705;
9558;
7898;
14921;
6013;
10278;
9145;
13685;
2762;
4144;
7177;
2288;
93;
13783;
140;
10875;
6715;
5673;
160;
11303;
1393;
8228;
4606;
9122;
6770;
13297;
1210;
5355;
15580;
6604;
15042;
12498;
8644;
1281;
11332;
11730;
6255;
10277;
14441;
1070;
10270;
14516;
9789;
14015;
2641;
13042;
8505;
15369;
9933;
14196;
5754;
11308;
8437;
6244;
11230;
2816;
6246;
15274;
6614;
4201;
1806;
15015;
12925;
10675;
4410;
5121;
4183;
9056;
4100;
7389;
3893;
14043;
12595;
7474;
10137;
12308;
1160;
5902;
9463;
6409;
13549;
5329;
2095;
5128;
50;
9678;
15689;
5864;
5209;
6491;
2214;
1908;
5232;
10846;
5274;
2721;
13522;
2017;
1838;
8181;
13770;
6284;
1516;
11795;
9213;
10785;
3234;
9708;
8366;
10475;
1593;
12259;
952;
11181;
38;
8019;
1975;
4271;
9769;
11210;
13970;
7761;
10114;
1803;
8396;
6250;
12841;
9384;
7540;
6046;
3211;
15046;
6925;
14021;
3846;
14903;
9555;
4529;
1706;
12734;
15359;
10592;
7831;
10884;
15334;
9118;
9366;
10383;
1304;
5930;
6087;
5632;
13016;
14236;
9821;
7208;
12513;
11;
8352;
6537;
4798;
13339;
7349;
7086;
7910;
13842;
1985;
6336;
4068;
5915;
12041;
8789;
3628;
6147;
6140;
7151;
12890;
5574;
10893;
1978;
13598;
4746;
3549;
14902;
2001;
9827;
7059;
11786;
15067;
12095;
15374;
9688;
14091;
9824;
13172;
15549;
3949;
5108;
2276;
6769;
10653;
3379;
2712;
5186;
2527;
6498;
12395;
9886;
4891;
10914;
3119;
12524;
1832;
8053;
15404;
2162;
2273;
12391;
566;
2195;
1464;
2782;
10257;
869;
7643;
4720;
10564;
4531;
15278;
8591;
1245;
11809;
10648;
1391;
3992;
10537;
5396;
5397;
5126;
6153;
7466;
13899;
1118;
8305;
4063;
7011;
401;
5066;
1934;
4843;
11936;
13485;
5241;
9076;
13116;
12444;
4342;
5643;
10623;
90;
6222;
10493;
14142;
815;
9996;
2592;
4258;
25;
10678;
7650;
5974;
12692;
12894;
224;
13095;
4868;
6443;
7819;
14624;
6001;
14652;
2447;
8288;
1740;
3626;
6628;
13765;
1584;
9987;
4447;
3369;
8707;
5622;
10391;
9154;
9800;
1238;
9490;
15297;
7539;
4385;
9644;
265;
7486;
7973;
13497;
14904;
4808;
6883;
12877;
11115;
6426;
13642;
1471;
4047;
15682;
12964;
1467;
12080;
3459;
5015;
6107;
13960;
12728;
7035;
663;
1965;
10048;
14554;
4822;
12029;
1795;
10023;
8853;
950;
4283;
5912;
12624;
7592;
13101;
10525;
15018;
11186;
4039;
10136;
1749;
3817;
7523;
8302;
4777;
1966;
11565;
3440;
11893;
1890;
5654;
15060;
10971;
14010;
8282;
7400;
9440;
10743;
3761;
11586;
4735;
3012;
11286;
4181;
12450;
14173;
13613;
7379;
1575;
3778;
818;
13376;
4030;
3675;
3651;
3750;
4114;
13700;
5991;
11229;
7006;
787;
1804;
2218;
7923;
12233;
3444;
3527;
13552;
5237;
6981;
11737;
9894;
8241;
15281;
5706;
13503;
7139;
13520;
1272;
10091;
6024;
14162;
6440;
8414;
2927;
4107;
3296;
6603;
7550;
12571;
10975;
14038;
8430;
86;
12575;
10253;
9857;
6809;
4433;
1077;
15583;
10131;
5732;
10652;
8684;
7246;
2796;
1427;
11275;
11103;
15275;
6204;
6792;
7773;
10862;
5221;
13263;
5652;
7061;
1773;
8680;
13781;
15384;
1891;
17;
12717;
14500;
2933;
2790;
5198;
2752;
7627;
13454;
11231;
12403;
15602;
12966;
11067;
7675;
6106;
10504;
6119;
12261;
11153;
7701;
2401;
8645;
5520;
2556;
14291;
5784;
11711;
922;
799;
8838;
12301;
2968;
6797;
6836;
12686;
13488;
11354;
2434;
14243;
64;
12662;
544;
4572;
10144;
7297;
14008;
5480;
15314;
7890;
6992;
1709;
8668;
3506;
6226;
8467;
13377;
11957;
8397;
6915;
8589;
2756;
3313;
699;
5422;
4479;
9188;
13033;
9924;
8042;
11471;
9602;
8524;
14025;
6189;
11808;
656;
7221;
7311;
12895;
3397;
4588;
3876;
2564;
10681;
10689;
13459;
14409;
8948;
2328;
6299;
14379;
89;
14618;
12985;
6525;
2957;
11106;
3739;
474;
2405;
3264;
4457;
5309;
14479;
5606;
11291;
4337;
7238;
10075;
14273;
12152;
5687;
12374;
14403;
3582;
13292;
10047;
14151;
15645;
12481;
13826;
11140;
7136;
4976;
6453;
11481;
12177;
5340;
12085;
8427;
10367;
8917;
2051;
802;
10535;
13861;
2152;
5124;
9328;
6490;
7763;
3517;
1266;
15017;
381;
1330;
7748;
4387;
14772;
13327;
11256;
1157;
12487;
1381;
10555;
6783;
7603;
13240;
10076;
271;
8723;
6979;
5637;
5;
5096;
1596;
315;
8297;
5004;
3483;
9840;
12902;
15034;
11003;
6436;
6513;
4675;
118;
2104;
10763;
2148;
4372;
85;
10849;
4557;
2413;
4659;
2124;
12208;
12237;
4922;
103;
5297;
2437;
2714;
9585;
4768;
13754;
12283;
10752;
7408;
12604;
7487;
14642;
14629;
9927;
9753;
7008;
11425;
13037;
43;
807;
9793;
13026;
12625;
13342;
7771;
4075;
10853;
10918;
4131;
11293;
2178;
4299;
5470;
7532;
12488;
3161;
607;
2867;
2987;
7300;
2324;
5332;
792;
5047;
5635;
14375;
3122;
2648;
3466;
8616;
7052;
10159;
10417;
258;
14370;
15673;
10286;
14578;
12252;
7237;
11459;
9403;
2497;
3227;
3837;
11917;
3782;
5305;
5959;
7896;
8943;
10176;
1158;
9;
973;
3570;
12777;
3114;
1657;
10115;
8066;
9337;
12039;
1644;
6520;
9107;
11124;
2295;
10897;
6845;
13603;
4353;
10789;
11768;
2480;
11770;
1833;
6065;
6619;
9486;
14442;
6571;
4213;
704;
9704;
762;
11517;
11602;
10445;
13885;
6027;
8250;
4046;
15223;
4850;
11840;
617;
2246;
9402;
15574;
15138;
7635;
11167;
6129;
14643;
3741;
14141;
14702;
496;
4694;
8533;
6501;
9357;
9992;
4021;
550;
8146;
10595;
11623;
4741;
2887;
5293;
6522;
15468;
14073;
9419;
12140;
453;
5437;
369;
1698;
2477;
1914;
379;
1957;
13975;
13075;
9138;
12122;
648;
11234;
5364;
14127;
5790;
6756;
4893;
9607;
8136;
13289;
2089;
14265;
15273;
3541;
8547;
2329;
10432;
12469;
8324;
10779;
10265;
132;
12745;
991;
457;
175;
11348;
9785;
3423;
1550;
3407;
4176;
7981;
2209;
1468;
15453;
5774;
10052;
9552;
8897;
3899;
9529;
5820;
6016;
14253;
2631;
376;
9053;
11935;
10139;
5421;
15292;
15681;
10982;
2615;
8478;
8976;
15680;
10956;
1339;
6312;
11333;
14338;
9608;
3104;
4870;
12556;
10825;
1369;
851;
2983;
1991;
7250;
4136;
5254;
2852;
11861;
6414;
3577;
12980;
9268;
12922;
15213;
14566;
430;
9067;
12757;
9298;
11318;
8214;
5160;
6286;
5870;
13137;
14212;
8176;
7503;
15397;
5056;
14847;
8436;
934;
4074;
715;
6773;
1930;
1007;
14014;
9784;
13760;
15422;
580;
11091;
3420;
10941;
5363;
9162;
12176;
13901;
625;
15391;
662;
12256;
6047;
2539;
12400;
7095;
7256;
7388;
5848;
13931;
13268;
7097;
5787;
7091;
631;
8823;
5402;
11302;
9043;
8298;
805;
13994;
7972;
10453;
15151;
13061;
5863;
10435;
12978;
15146;
10792;
5033;
12458;
14692;
12180;
14475;
824;
3659;
2311;
13346;
7969;
15265;
5010;
11844;
3625;
12810;
5940;
5148;
8420;
15109;
11515;
5525;
3764;
14200;
2806;
15078;
4968;
4473;
9767;
3711;
7307;
14525;
3489;
7385;
6580;
8208;
13449;
8224;
15300;
938;
12102;
349;
5616;
8746;
14189;
10274;
12318;
6841;
4990;
2541;
7152;
14494;
12198;
11121;
5318;
8841;
205;
6062;
9234;
5921;
9322;
6413;
5850;
8057;
4122;
8211;
14152;
5856;
6419;
8273;
3850;
2982;
7979;
2187;
7666;
12409;
2956;
10659;
667;
9709;
13450;
15122;
509;
10767;
612;
13723;
4607;
13926;
6493;
11457;
2277;
10979;
1110;
14165;
1017;
1782;
12933;
3283;
1661;
14362;
7730;
3950;
2797;
8954;
12559;
12490;
5089;
11279;
10242;
15228;
8473;
15542;
3670;
8550;
6729;
3936;
10536;
13938;
11920;
11725;
13920;
2772;
14023;
2519;
12830;
6687;
1861;
2503;
10486;
9639;
11563;
12731;
1264;
6820;
14233;
9163;
9416;
11174;
3018;
11934;
142;
14749;
3538;
14768;
12379;
6894;
4829;
10629;
2325;
13181;
11179;
12979;
3769;
735;
1485;
6021;
10105;
4163;
7725;
10816;
1620;
14160;
5722;
8718;
13734;
1201;
1360;
5927;
14464;
3019;
915;
14938;
22;
2028;
9242;
5479;
10630;
10414;
1913;
9966;
6162;
4652;
10328;
2498;
15616;
3201;
4765;
355;
14121;
1502;
13069;
15414;
5620;
3845;
13599;
11474;
5702;
10276;
1810;
388;
6611;
2646;
3702;
15336;
8570;
10523;
5926;
9756;
8703;
9033;
10423;
10083;
2530;
3700;
9372;
3652;
4896;
11703;
12983;
15057;
14951;
10244;
13256;
12319;
3329;
9655;
9542;
12008;
7234;
9673;
11633;
2524;
13934;
1963;
10939;
9129;
3472;
1878;
15208;
4938;
13570;
2341;
8193;
6465;
2863;
6361;
2217;
6995;
13071;
6132;
12166;
7252;
8166;
13733;
7765;
15103;
3156;
14364;
14477;
13008;
14462;
9336;
559;
1922;
4444;
4951;
4463;
5007;
3348;
3658;
12002;
11596;
2652;
4779;
12561;
5465;
8457;
6598;
6851;
9349;
4616;
1673;
4804;
7445;
1514;
2403;
2780;
14829;
11669;
4817;
14474;
9493;
9271;
207;
12744;
12642;
3381;
2158;
6984;
666;
6710;
6790;
14311;
5730;
7944;
7350;
4211;
10415;
7882;
11026;
9790;
11126;
1397;
14830;
14380;
4065;
1853;
5631;
10179;
8878;
2662;
3576;
13102;
13625;
10126;
12710;
178;
10709;
3536;
10627;
14469;
11128;
11961;
14353;
5433;
5391;
8386;
14590;
1702;
13883;
782;
5550;
9216;
1131;
15062;
12517;
15610;
8332;
10050;
159;
7399;
8275;
14501;
15171;
7986;
15324;
10199;
3907;
6104;
6406;
10049;
14386;
8487;
1031;
14225;
4996;
7864;
5091;
8059;
7855;
10436;
11442;
5077;
11392;
4844;
1225;
7014;
15493;
11607;
8015;
13363;
15483;
9566;
8649;
7894;
9119;
10345;
6861;
3917;
14958;
4577;
6559;
7875;
11219;
2996;
14502;
14381;
9619;
1104;
783;
1721;
2423;
1221;
1613;
12946;
7716;
11525;
14000;
12586;
14695;
15164;
8320;
5571;
15251;
7929;
9666;
702;
4481;
14877;
2637;
14207;
9423;
7285;
7060;
12569;
13519;
11882;
15330;
5428;
13768;
7018;
1622;
11486;
10828;
9246;
4698;
8385;
11740;
11111;
8091;
4354;
8459;
13616;
1647;
967;
12342;
10661;
9737;
3480;
5018;
2171;
4972;
811;
485;
11556;
14942;
12766;
11114;
7155;
14649;
12285;
13074;
12178;
2810;
7397;
13081;
9480;
2279;
6646;
8394;
13936;
11680;
7270;
2626;
8245;
13706;
1419;
11391;
1738;
503;
5155;
9253;
166;
14761;
12436;
2836;
14401;
2402;
8959;
1671;
12066;
8361;
11063;
14858;
9633;
14453;
11005;
1931;
13775;
10064;
7409;
7341;
15191;
3102;
15423;
6532;
6282;
5514;
5182;
11444;
10625;
2584;
14237;
11819;
13785;
8927;
13627;
13789;
5727;
4339;
12089;
5496;
11665;
821;
529;
4276;
11959;
8188;
8232;
1525;
9230;
3024;
7021;
12995;
6704;
12145;
6066;
7072;
14817;
10946;
387;
473;
9021;
948;
7143;
1326;
1231;
15306;
10081;
6418;
13264;
7895;
14161;
3311;
9679;
482;
1897;
2894;
3196;
8346;
5891;
9669;
4234;
8737;
1135;
4502;
11648;
13956;
3238;
1185;
6592;
9241;
10534;
15364;
4235;
11676;
5629;
7308;
3974;
7020;
14034;
3606;
10005;
2713;
14506;
2614;
7245;
5152;
12216;
2818;
7335;
4734;
11833;
2939;
14656;
326;
14607;
11579;
14436;
1284;
459;
15311;
10926;
3005;
15216;
3083;
3309;
14975;
13850;
12164;
3693;
9569;
6070;
14221;
8516;
3706;
8704;
1380;
8709;
14216;
5210;
14312;
4953;
8128;
15249;
13848;
3072;
11783;
14422;
5528;
9144;
14427;
8575;
3786;
11292;
1128;
867;
2016;
15263;
7792;
13654;
13229;
3728;
4789;
13741;
412;
3066;
10718;
3959;
12845;
8745;
1503;
12874;
13923;
3205;
14556;
2144;
15026;
6777;
13341;
10379;
14832;
13175;
8623;
6224;
2286;
11273;
5269;
1678;
2685;
7310;
1579;
14719;
13347;
5685;
844;
4080;
4980;
8804;
6135;
6541;
12903;
15611;
9099;
15245;
14108;
14133;
8178;
3759;
10311;
4568;
11752;
2572;
4693;
10498;
3210;
3888;
9291;
389;
6467;
10337;
14096;
6002;
13496;
11000;
2014;
4543;
15441;
680;
9976;
10945;
7080;
6316;
9787;
1248;
5531;
14926;
7369;
14731;
8740;
4227;
157;
10710;
8428;
9801;
11373;
11412;
3455;
7676;
8045;
3623;
14783;
3779;
7299;
15684;
6736;
163;
6803;
13332;
12484;
6114;
2047;
14845;
15233;
8355;
6188;
882;
13748;
14694;
3566;
12195;
12682;
9293;
15092;
9868;
605;
10671;
1308;
1033;
2130;
2558;
15302;
15134;
1708;
6287;
2252;
2382;
8889;
7205;
10151;
4069;
5994;
12621;
6906;
2536;
11980;
8072;
3454;
4535;
14967;
10944;
14732;
4278;
3096;
7393;
4839;
6686;
2445;
3307;
1524;
1398;
11247;
9348;
2354;
3960;
4709;
9808;
7203;
14065;
6938;
7165;
9085;
3185;
7401;
14047;
5228;
2381;
11361;
14876;
10730;
15349;
7575;
13114;
12579;
11183;
8951;
9578;
2888;
12359;
8485;
3546;
3225;
3255;
2981;
9429;
1967;
1564;
13619;
4523;
11739;
7118;
8151;
674;
726;
8656;
2897;
8353;
11131;
10664;
13009;
7284;
12765;
899;
9579;
9744;
6703;
10234;
1320;
13187;
13404;
12772;
10510;
6298;
5413;
6669;
2966;
14146;
2140;
9092;
13977;
9649;
2984;
14156;
5389;
9715;
3062;
8474;
3217;
8534;
7851;
14005;
8594;
4465;
2997;
9877;
7439;
13547;
410;
12464;
904;
2419;
11657;
15212;
595;
15566;
8322;
9292;
5292;
519;
188;
1020;
1758;
11403;
1463;
9073;
12240;
13758;
6889;
3230;
11974;
14884;
12915;
4098;
6370;
10654;
12724;
7190;
2879;
3942;
9038;
11192;
3496;
10129;
3547;
1630;
5762;
1278;
10936;
15203;
4442;
11366;
404;
165;
5341;
6697;
5521;
10039;
14098;
13709;
14717;
10481;
10574;
7609;
8319;
11314;
7568;
5447;
3532;
10468;
5869;
635;
5418;
12243;
14899;
7790;
167;
9946;
2278;
15592;
8816;
9276;
8281;
11577;
12628;
7058;
959;
4388;
2470;
9485;
15247;
4962;
8090;
10336;
12355;
3438;
12707;
11069;
7017;
708;
10812;
926;
15231;
12891;
12;
678;
6996;
9184;
8622;
2914;
696;
8958;
1346;
13507;
169;
3545;
11184;
985;
14575;
2932;
8011;
14068;
240;
7823;
2097;
12872;
3436;
13495;
13817;
13729;
6740;
6936;
4209;
6964;
12006;
12782;
13744;
568;
10165;
11051;
5215;
6342;
1181;
1142;
6012;
13795;
1632;
11622;
9275;
1196;
3584;
3028;
2602;
7984;
5798;
6310;
7288;
8786;
7863;
8839;
10182;
11494;
13136;
14257;
10868;
1139;
13017;
13141;
10474;
2965;
3614;
6534;
1561;
10495;
3372;
7607;
3723;
3315;
1895;
12743;
15076;
2364;
253;
14186;
7363;
12784;
374;
10227;
7077;
12320;
2333;
761;
9329;
2451;
7433;
12649;
12541;
4132;
10624;
7225;
15427;
7161;
6871;
14632;
8981;
9948;
14595;
7387;
7788;
12516;
10744;
1808;
11962;
7287;
6048;
15118;
8787;
8344;
6044;
9245;
10593;
11728;
562;
1734;
9532;
7481;
5495;
15335;
13906;
74;
14239;
3131;
2018;
11382;
1365;
13986;
6999;
7378;
14723;
4684;
52;
1494;
12011;
9257;
2856;
14378;
4238;
3852;
3279;
3762;
13241;
6455;
12473;
9447;
6332;
11390;
4093;
7573;
13820;
2872;
1607;
10751;
7731;
14167;
12989;
8834;
3965;
7945;
14754;
1368;
12700;
5321;
2475;
8880;
1699;
13659;
14048;
3134;
12369;
13267;
5779;
11280;
12648;
11378;
9962;
8769;
5474;
11813;
1459;
5140;
13452;
11196;
5718;
12702;
4667;
9124;
10951;
10303;
11327;
12547;
3252;
4666;
2093;
4071;
2978;
14425;
2193;
12363;
13608;
13407;
198;
5028;
13039;
2134;
8466;
9369;
13064;
57;
13962;
14045;
15158;
4082;
4002;
8416;
200;
2485;
14468;
14;
4895;
7309;
4301;
6724;
9411;
15522;
4036;
9160;
1187;
15055;
2560;
7962;
3061;
2688;
15531;
3813;
4576;
9581;
9086;
7673;
13581;
14906;
4058;
668;
13349;
7781;
10715;
1889;
4333;
13352;
837;
9999;
467;
7736;
8860;
12554;
1775;
14533;
3705;
4182;
3804;
11793;
15087;
4319;
4035;
2835;
9958;
12097;
15486;
5623;
9179;
5838;
14431;
9612;
14423;
4911;
9238;
10289;
4712;
183;
14806;
7775;
15585;
4267;
14621;
4636;
6755;
7140;
8114;
14297;
6568;
6347;
14667;
3661;
8407;
6967;
15048;
6796;
3842;
2139;
853;
8169;
3972;
585;
11502;
8351;
4727;
6943;
8464;
14377;
9911;
11064;
14231;
8563;
2040;
11543;
10177;
521;
14528;
5556;
3333;
8075;
6821;
6941;
5971;
3729;
14927;
8356;
12501;
2717;
4331;
962;
3129;
213;
12999;
11483;
8762;
8621;
5518;
13063;
5068;
8336;
14546;
5499;
13774;
13684;
5750;
12372;
14460;
5472;
4799;
7868;
10166;
6089;
5088;
5809;
8492;
8279;
14886;
11194;
156;
5688;
10419;
5570;
15370;
15295;
2861;
11746;
9613;
14805;
9022;
7295;
1328;
1937;
8587;
1903;
6594;
718;
2506;
1306;
3299;
8510;
12580;
12424;
4711;
13732;
2344;
472;
8697;
14356;
11849;
11281;
739;
5072;
7430;
11874;
10351;
4458;
6348;
1797;
3445;
14318;
282;
10726;
6185;
1357;
2633;
7733;
4453;
11745;
10488;
15581;
8818;
11030;
4403;
400;
10471;
12133;
4208;
5106;
2967;
8614;
5999;
12949;
1605;
649;
10197;
1984;
11360;
8098;
7935;
8494;
9288;
13696;
2858;
1869;
9055;
12418;
8124;
14363;
6069;
2839;
937;
10717;
6281;
9766;
15490;
11667;
5628;
245;
3328;
13600;
10832;
1885;
601;
10703;
12704;
2758;
12098;
15135;
1134;
11963;
1679;
8413;
6997;
7217;
12115;
4569;
8499;
12581;
3598;
8497;
10364;
15289;
4349;
11207;
9672;
3996;
5086;
7324;
5030;
14056;
11155;
13104;
9975;
8802;
3611;
2844;
4935;
6586;
2864;
11037;
5608;
5770;
8197;
3716;
3853;
3386;
14960;
5851;
3891;
8574;
7;
9531;
11883;
12228;
9239;
444;
1000;
15291;
1247;
3339;
4070;
15539;
9910;
5955;
76;
7755;
10585;
4524;
15518;
1174;
2109;
2695;
15648;
12678;
8691;
11213;
8925;
9957;
5996;
128;
11351;
8780;
911;
5365;
11294;
9614;
3515;
2272;
8163;
6177;
5956;
15615;
12215;
11584;
6874;
6737;
221;
11945;
10434;
11779;
2579;
14112;
2100;
11218;
10952;
9259;
13366;
10669;
2168;
8255;
5711;
14089;
10065;
9893;
1741;
1042;
8987;
12416;
480;
9989;
14930;
15161;
6812;
11701;
8258;
14915;
10213;
10288;
14292;
14245;
10683;
6897;
13294;
4856;
15576;
7302;
9060;
12842;
12560;
14348;
6475;
11757;
15116;
14987;
12292;
12036;
10169;
7212;
634;
10255;
6699;
13530;
2976;
1939;
10449;
15039;
780;
1466;
6049;
8248;
12324;
12305;
5591;
3265;
7105;
4608;
1404;
14117;
6923;
4205;
15114;
15480;
11802;
3841;
11544;
6149;
7279;
4718;
5110;
1092;
1390;
13410;
6585;
11388;
15083;
10686;
6368;
13808;
2823;
5954;
13000;
4678;
12241;
7047;
13188;
186;
8399;
9070;
3931;
14682;
445;
9908;
6355;
5162;
13800;
324;
14242;
2504;
15636;
446;
1767;
7815;
5777;
11620;
7525;
14204;
3107;
264;
9677;
15301;
11492;
6350;
147;
2950;
11654;
15206;
9134;
10224;
1856;
12629;
9305;
5270;
2499;
4549;
15149;
5008;
6219;
3222;
11590;
14976;
6150;
1311;
669;
9985;
7940;
8384;
9738;
8971;
15234;
11907;
13082;
12564;
10331;
2764;
13220;
11880;
7158;
14669;
15100;
3085;
14359;
4929;
7036;
4395;
4475;
3991;
10428;
732;
5498;
8617;
11123;
6928;
3464;
4592;
880;
5001;
2020;
3473;
14270;
4242;
2687;
15196;
8785;
11246;
9461;
53;
8370;
2562;
6432;
316;
3784;
13669;
4355;
10940;
4370;
1207;
15465;
10019;
5557;
3719;
7127;
13092;
9641;
15494;
8819;
12217;
2896;
10497;
3117;
3052;
753;
3162;
9087;
7265;
1319;
1926;
9609;
4379;
14254;
252;
3139;
12496;
8932;
2430;
8403;
5273;
5655;
14306;
14123;
12275;
15605;
9054;
9889;
9622;
4409;
8830;
1848;
12193;
15443;
11578;
1353;
4790;
12032;
2778;
9514;
1836;
7278;
15562;
1258;
5527;
14390;
2581;
3412;
995;
5876;
9203;
9272;
1774;
8527;
13034;
11205;
7209;
6842;
8908;
14407;
15491;
15467;
13725;
644;
11923;
