((((5114,(10806,(11251,(1845,((11912,(4565,(6738,((10499,13125),(640,1070))))),(11470,(11050,(7387,((5939,7124),(2011,(4659,(6195,(3469,(810,11772)))))))))))))),((8693,(10934,13048)),(((10407,(9500,10989)),(((433,14348),(((4735,7568),((4609,(2105,12236)),(13611,15359))),((3896,10633),(2269,8949)))),(((373,(3233,9074)),(6188,6516)),(220,5342)))),(((((3850,(770,4491)),(2782,10250)),(11001,(3531,(10539,13037)))),(7608,(15262,(6677,9747)))),(((((143,(1655,5826)),(2877,14596)),(((673,12451),(3306,14757)),((((1296,(1284,4315)),(7724,12150)),((8804,(3074,8245)),(3115,(5484,((((3247,13137),(15385,15437)),(6175,7579)),((((778,9917),(4489,(14135,(((((1158,(3035,(2853,(1404,(13414,(8966,(((8427,(4392,(5027,12929))),(5150,(9103,(5174,((12361,(261,12544)),((1688,5338),(5604,(3843,((12224,14782),(4066,(1443,(8267,((((3514,3708),(8144,(4654,6345))),(((4767,8385),(2347,9355)),((973,13076),(4773,11324)))),(5411,15078)))))))))))))),((((6125,(11107,12737)),(((((9424,11633),(14848,(2115,(2218,14267)))),(((14452,15012),(6757,(7128,11378))),(4329,(5256,5518)))),((((2606,(9574,11503)),(352,12403)),(((8184,(823,14664)),(((2219,7432),(9860,13695)),(95,12938))),(4434,(13006,15195)))),(((2540,2615),(2333,9923)),(((((4194,5463),(7402,((12163,14200),(12572,(4806,14356))))),((348,9720),(2468,11069))),(12269,14924)),((3754,5588),(11960,(3082,4834))))))),(((371,(5262,5627)),(3913,(2614,2744))),(10088,(657,6371))))),((((((2601,8956),((((1476,(7062,((797,2208),(11917,11935)))),(4603,6960)),(15441,(4653,14198))),(7066,(7026,8819)))),((746,((1363,13608),(2972,6731))),(((5331,10929),(14214,15004)),((3060,(3310,(2754,5916))),((15000,(387,(7137,14358))),(2433,5037)))))),(((7509,(((1293,13618),(54,9264)),(8185,14762))),(8446,(15270,((15649,(2587,8055)),(1449,9787))))),(((2997,8847),(750,13753)),(((8632,15287),(4063,13338)),((10890,11631),(3715,(169,9986))))))),(((8674,11501),(3457,12294)),((((865,9846),(831,2749)),(34,14529)),(((11042,(10596,(2273,6568))),(6727,(3741,7147))),(14183,(4413,7482)))))),(((8218,((1854,(9263,12981)),(14878,(12315,12888)))),(4250,4727)),(1964,((11613,12522),(7502,(1196,12228))))))),(2862,(1617,6047)))))))))),(5712,13620)),(3756,(6459,(13039,(((7002,(8273,(12605,(((12035,(322,3144)),(6577,(3639,14883))),(1730,(9941,13200)))))),(5233,(174,5225))),(813,(12808,15382))))))),(5289,((((((8183,13232),(5441,5790)),(646,7140)),((7677,7808),(872,9525))),(((6084,(615,1420)),(1790,4848)),(2791,9130))),((10222,(5198,(10536,(11507,(5781,(15642,((3198,(6156,(3757,7153))),(1920,(11783,(2971,15271)))))))))),(14346,(10905,((1328,9039),(((15073,15628),(4201,(10098,(6974,(580,12708))))),(6811,8333))))))))),((5228,(8490,(9905,10118))),((((5870,8635),(15150,(2861,10192))),((9,1123),(2338,(8283,10793)))),((3763,(7701,9641)),(15486,(12191,14552))))))))),(((4150,(83,2700)),((12596,(922,(12119,(8898,(8784,9021))))),(11295,(3026,(376,13929))))),(11603,(9009,(4223,15257))))),((5257,15373),(637,10205)))))))),((15075,((7903,(15433,(10335,((2967,(1130,7804)),(((2063,15218),(2763,((8041,(3134,((6385,(2344,(6996,(650,(7900,15273))))),(908,(6046,8180))))),(7294,(1255,((11841,(12111,(2909,5399))),(3472,((4755,14564),(9393,12260))))))))),(7061,(7091,(9572,(10120,(8775,((2715,((4926,8271),((2492,(1437,12348)),((13239,15357),(2970,(10050,(2721,15517))))))),((5175,(10962,(3205,(998,(11637,(3608,(2595,(1311,7347)))))))),(5350,9486))))))))))))),(14390,((9592,11632),((4648,((2426,(1604,(12131,(3508,(14083,(12146,(5785,(15141,((4505,8248),(6967,(3624,(6676,(6112,(1413,((9053,(2983,(14604,15204))),(761,(7315,13977))))))))))))))))),((12009,(6180,((3374,(1373,(5123,9701))),((10533,(1996,12857)),(8686,14693))))),(14653,(2829,5022))))),((2794,11476),(5973,(9711,(967,(5450,((1593,((11976,(1632,(1966,10870))),(7798,13113))),(11908,((158,(294,1425)),((14366,14723),(2573,5353))))))))))))))),(((14039,(13193,15355)),((8510,(10893,14886)),(((4696,13809),(1109,4854)),(28,15562)))),((13409,((2496,9405),(1683,13046))),(6141,(((((3071,(5373,(9626,12849))),(7393,12423)),(((13442,(12437,14661)),(14378,(4192,12527))),((11972,14278),(13890,(4355,14740))))),((3369,(921,5300)),(4160,7224))),(((6766,(1667,(2668,7764))),((8698,(11477,13937)),(10611,((10696,14209),((270,4135),(832,(2457,10279))))))),(((1139,2605),((4078,(11204,(8842,11500))),(7212,12987))),(13094,(1077,((3405,(6436,((10945,(5282,15646)),(14766,(14143,(12600,(5582,(15376,(12164,(14837,(9269,11675))))))))))),(1198,(9766,(11391,(735,(8032,(11198,11922))))))))))))))))))),(3002,6425)),(3348,(9667,((6275,(13340,((6949,10312),(7669,11143)))),(11968,(12503,((((14692,((9919,(6772,10228)),((14599,15390),(4101,13667)))),(((12201,(7400,11948)),(((1534,4789),(2932,10052)),(3488,13507))),(6167,11070))),((3403,12501),(1323,((10656,(8045,9026)),(1419,4416))))),((((((5145,10984),((6486,((3258,6733),(11335,13225))),(3524,(4568,13319)))),((8911,(726,(4287,8290))),((11525,13183),(8085,10523)))),((((1495,(1581,3458)),(15647,(1865,9470))),(((2435,6243),(8765,(14425,14609))),((9041,10952),(5734,(3135,9848))))),((14374,(6853,12656)),((4998,7851),(11425,(9912,(2304,11855))))))),(((2772,11044),(10800,(14772,(1076,12963)))),(6059,8242))),((((14695,(5212,14792)),(15212,(14731,(7704,12194)))),(11130,(1933,14613))),((14341,(5349,11395)),(233,15386))))))))))))))),((12930,(116,6752)),((2087,10375),(2167,7881)))),((3662,(11210,13561)),((13356,(11608,(1179,4133))),((1818,(1466,8229)),((11024,13237),(2716,(4418,8626)))))));
(((4020,(3903,(7884,14310))),(6784,(4798,(((((13275,(12557,(6537,10889))),(4161,14930)),(10223,(((4363,10497),(((5400,6122),(117,6154)),(14857,15370))),(7775,15269)))),(11725,(354,9012))),((((((8187,(301,9678)),(6680,9106)),((1011,(5402,11753)),(12176,13049))),((4254,(1047,4634)),(4774,(1659,9656)))),(3168,(7129,(419,6689)))),(((((13090,14780),((2710,9954),(5594,(10547,12840)))),(((760,5395),(3695,7474)),((14311,14443),(11190,13993)))),((((955,(1613,12257)),(5741,6471)),((((5423,(7428,10498)),(7875,(189,(4570,12890)))),((9873,(2244,8335)),(2289,13852))),((2985,(4942,((5086,(5088,6294)),(990,15176)))),((4235,9609),((2481,9814),(13100,(4556,7516))))))),(((15293,(851,(10467,13577))),(481,(2622,8525))),((((((11452,(7596,11656)),((6412,8006),(2250,11239))),(10295,(9859,(853,6730)))),(1856,4866)),(((14789,(6747,(1959,6417))),((3883,6443),(((8302,14555),(6214,(12106,(7258,13586)))),(8593,(1175,15114))))),(10493,(8341,11469)))),(((13770,(7656,(4511,(((((6366,(13280,(7651,13603))),(4930,(2095,12268))),((6100,14747),(9616,13839))),((9628,(11389,(((15008,((9116,(12499,((252,(14249,(10345,(11161,(5391,(9240,(1654,((6003,(8111,((9630,(5887,(1576,8372))),(14881,(7819,14950))))),(9562,14047))))))))),(1643,11010)))),(9493,(12218,((671,8922),(2245,11779)))))),(12920,((129,(6236,(4643,(1249,(5837,7487))))),((3916,11919),(12828,(7687,((14033,(3450,((((((11136,(3075,(11897,12374))),((3775,(12037,(6401,11555))),((343,((1862,6076),(2372,(9308,(13261,14511))))),((4023,13104),((8794,12386),(4510,10365)))))),((((6038,8852),((4839,(10413,15170)),((3638,10878),(4083,(10320,13175))))),((6821,12640),(6793,9340))),(((6780,7744),((3462,6499),(1059,(1157,10686)))),((((((1697,12013),(2020,15319)),((5792,6374),(10821,11605))),(9112,(6783,(1200,(2441,(13779,(6334,(4716,(3436,13474))))))))),((9056,12359),((13513,15138),(5671,13171)))),((10795,(2311,5100)),(10822,(5638,13850))))))),(7723,14454)),(6246,15125)),(12876,((2215,(14850,(379,12947))),(2381,3725)))))),(4694,13786)))))))),(9128,(5514,(15653,(4929,7146))))))),((((13557,((2064,(4398,(4156,11829))),(4846,(14077,14741)))),(363,((13562,(2427,14640)),(3460,(8507,10758))))),((8913,12327),(10274,(13975,14175)))),(((197,(1054,10284)),((4842,14675),(2657,6961))),(2957,3931))))),((((24,2542),((8739,15534),(8890,9872))),((11853,((4886,12289),(3753,5795))),(9639,10632))),((((9192,(8655,9724)),(6144,(7284,11463))),(7796,8018)),(((923,5447),(448,5920)),((12181,(7927,(6,(734,7518)))),(9107,12610))))))))),((2847,6599),((702,3101),(546,8793)))),(((7922,(13905,14744)),(2396,6749)),(8091,((15163,(3598,15363)),(9725,(3483,14222)))))))))),((7702,15594),(((4971,11194),(12653,14954)),((4009,4792),(9404,10740)))))))))),(773,(5817,(3383,3831))));
(((6135,6678),(156,14773)),((914,14231),((((13519,((6166,14031),(3972,14397))),(10300,(15180,(205,9304)))),((((((8096,(666,13130)),((2232,7362),(1078,10109))),((2743,(2543,3465)),((3271,10946),(14098,14650)))),(((9375,10774),(4851,10714)),(8191,13685))),(((((3701,(((((7528,(1037,14243)),((((((1743,4122),((13301,(7102,13600)),(11076,(4820,8299)))),((((2760,15662),(8941,14575)),((((5590,9319),(78,2490)),(3535,6350)),(1622,(1345,3605)))),(((5052,9197),((5708,15144),(2254,9033))),(1782,9589)))),(((2903,14786),((3559,(2902,(9976,15586))),(2240,(400,7960)))),(5151,(3320,13748)))),(((((3038,5066),(3912,4590)),(6818,12217)),(((((296,8936),(7283,8025)),(6800,(6939,(805,14024)))),((1226,13724),(11249,12931))),((12012,(460,5149)),(11569,(3466,8568))))),(((((2051,(((4948,7626),(6866,12772)),(3147,11145))),(13796,(4957,7515))),((3395,4931),(3381,7456))),(((((9995,14674),(1288,(1241,(5334,6598)))),(12341,(3878,10797))),(((4482,7836),(13909,(13690,(7984,11798)))),(12860,(5907,13804)))),((((12862,(10112,(334,13065))),(3793,13451)),((13924,(5158,8641)),((3891,(((3207,(6234,14685)),(11714,15362)),((2321,(9343,11934)),(341,4100)))),(3819,7219)))),(((((5487,9869),(5589,13270)),(((7739,(1801,9017)),(7761,(8470,11697))),(4260,14068))),((14820,(10711,(9382,14651))),((12608,(10142,(3689,14748))),(14927,(10265,(3614,(2569,4972))))))),((3043,(9011,15142)),((5265,((4869,(2012,13017)),(6128,14203))),(4892,(6819,9416)))))))),((((2364,7437),(6663,12456)),(98,1850)),(((4739,(1833,14926)),(2075,9981)),(((5087,(893,3570)),(318,(6496,(15296,(13147,(278,11358)))))),((4137,((12521,((5876,(2018,7469)),(602,(1435,5439)))),((1616,7765),(1008,6418)))),((5937,6118),(3086,(4604,(377,3307))))))))))),(((2706,14157),(2000,(2556,10453))),((13033,(8838,(1585,3773))),(5951,(526,3392)))))),(((8646,(2638,11729)),(1612,(2157,8297))),((3574,(9726,(7096,11116))),(7223,(2617,4225))))),(13133,(1895,9913))),(9242,(10609,(2945,11987))))),(9027,((1368,8475),(969,12025)))),(((986,(8543,(12074,(5736,5760)))),(2636,14251)),(9785,10305))),(3352,13111)),(14337,(3088,7240)))),(((2717,(6842,14989)),(11644,(193,1630))),((3423,4291),((((70,(259,6751)),((2186,12576),(12831,(8834,12307)))),(4404,14102)),(5593,(13898,14266))))))),((((399,((3739,9072),(10065,12243))),(1477,13856)),(((((10199,(12746,(1827,4010))),(547,5288)),(825,5010)),((447,14447),(6725,(4479,(5376,8530))))),((7942,10094),(10864,12136)))),((((((9934,(5904,14063)),(14195,(742,12050))),(14272,(2443,6540))),((7186,(8124,(513,14382))),((6447,(2659,13284)),(((4730,(5154,13673)),((7958,(12768,(2367,2748))),(8106,(1185,12293)))),(6699,((1766,(5202,9150)),((2409,8159),(11950,15007)))))))),(5335,(4471,(3894,14141)))),(((3479,(430,1684)),((((5427,13755),(2233,6820)),(144,11408)),((((9921,(3816,8999)),(3464,(12511,(569,1582)))),(14182,((690,10788),(436,5003)))),((4966,12579),(((4673,6671),(5166,11142)),(12005,(5721,14861))))))),((971,15514),((4983,11734),(7080,13638)))))))));
(((((2589,2989),(10111,14269)),(14799,(13817,(10570,(2697,(10764,(2419,8617))))))),(((((6171,12784),(((15325,(1343,1704)),(((((3126,7864),(10248,14796)),(13230,(2284,5565))),(8653,(10619,((6848,14901),((5277,(((6890,10144),(9827,12732)),(12195,((7302,7304),(((4595,6708),(7750,11648)),(10707,((1426,13151),(14781,(596,605))))))))),(14639,((11502,(9730,(4687,14420))),(9974,(6434,12143))))))))),(((1786,11743),(9734,11218)),((110,662),(((8629,(970,(1983,(9839,(((13190,((10835,13791),(((886,(10200,(3804,(((9399,(11237,(8986,(3257,(2191,(10895,12474)))))),(11478,15021)),((38,11662),((3724,11622),(2620,3966))))))),(9105,(14697,(((((10006,10658),(11353,12313)),(13040,((7603,11099),(8669,11230)))),(((4554,6771),(10847,15587)),((7755,12958),(1391,13461)))),(((((200,(1252,3945)),((11135,(7207,14429)),(11158,14130))),(((7334,(13496,15529)),(3214,12999)),(10953,(7706,8216)))),((9469,(4187,9999)),(6619,(1556,2696)))),((7287,(((3252,(7560,13788)),(10397,(4720,4963))),((5281,(4155,((4630,5711),(11148,(13299,((8836,(15222,(15652,(5000,13345)))),(15455,(6117,(4959,5710))))))))),(((((9310,13192),(4397,(13738,14915))),(7385,10149)),((2209,11643),(12179,13420))),((14514,(6008,7499)),((8612,((12713,13302),(9928,(5067,10868)))),(13652,((3498,(1902,2449)),(632,(1453,11733)))))))))),(((11268,(1929,11167)),(((31,2277),(878,8390)),((1206,4125),(9961,12051)))),(((2293,10924),((7613,((12919,13684),(15399,(11866,(2377,10683))))),((((((9838,10317),(10440,10582)),(5034,5436)),(703,12894)),(9401,((4532,(5084,5852)),((14158,14663),(10341,11693))))),(((3256,11288),(11361,13739)),(13902,((8536,15431),(5607,(8428,(271,(4602,6672)))))))))),((((7962,(10126,10416)),(9559,(9817,14317))),(((3541,(13715,(5118,13428))),((4944,(5914,7024)),(2331,2349))),(12197,(2549,12027)))),(((1701,8480),((7507,(369,15499)),(10794,(1071,11172)))),(((9532,(5599,11035)),(7529,(6883,(6129,12008)))),((1547,14637),(3104,15400))))))))))))),(((2452,13078),(12405,((12816,13067),((9035,9805),((164,14306),(3456,((5681,7893),(11843,13973)))))))),(10809,(9184,11406)))))),(275,9398)),((3829,(9000,11724)),(2711,(4168,(12771,13678))))))))),(507,7182)),(7578,(8388,(1465,9586)))))))),((5465,10387),((7176,(15472,(((((6644,10166),(((6242,11152),((102,7625),(14606,((10400,11243),(7725,15378))))),(((1381,8317),(1741,5047)),(10744,11628)))),(((13438,(10789,(6194,10456))),(106,15633)),((6864,(2934,(2001,13906))),(3507,12711)))),((4558,(8587,10454)),(((8042,(8488,12725)),(7417,(1065,13568))),(14813,(464,9855))))),(((((1677,15226),(12693,(10460,13793))),(14235,(2474,13845))),(2825,5462)),(((11642,(8748,10618)),(10359,12265)),((((7018,8998),(2875,5846)),(9465,(13145,(6380,(12029,12602))))),(1276,(4984,5456)))))))),(7921,8227))))),((13894,(14505,(2152,9590))),((6941,10762),(((11247,(12907,(2176,3079))),(2002,5805)),(272,2739))))),(((13746,(2602,6031)),(8447,(4164,13676))),((7541,10692),((1281,10427),(3413,(5636,6174)))))),(((((4819,(1733,(145,2808))),(((10449,(7084,8828)),(3417,14301)),(4453,(12654,(8648,(9669,(792,(9956,14048)))))))),(((((6966,(14612,(3881,13862))),(3020,(843,9516))),((((9806,(13172,13333)),(4414,6387)),((9551,(1165,11667)),(6742,(3429,(11290,11583))))),(13483,(8564,(7027,9632))))),(8169,(10339,(6760,7902)))),(2701,(9588,(5498,8781))))),((((14283,(480,1868)),((((5167,8620),(3660,(8571,14006))),((1081,3017),(13583,(2014,6993)))),((8473,(2307,13979)),(((2679,4924),(2327,10876)),(10784,(1103,10190)))))),((7882,11618),((10660,12091),(3872,4385)))),(2294,11936))),((((4348,(11430,13846)),(((5989,(11530,14313)),(((12212,14882),(4127,12135)),(7633,12396))),(((8584,(1129,12285)),(13704,14673)),((11097,14437),(12577,(9610,14201)))))),(((587,1074),(5680,10135)),((2806,4677),(1017,15666)))),(((10236,10531),(4579,8115)),(6810,(8872,14072))))))),((8168,12723),(2183,3942)));
((((((((((((10511,15026),(625,3923)),(14784,(455,4407))),(11775,(5864,5982))),((9226,(305,2895)),(6256,9196))),(6998,(5598,6880))),(15648,(13326,(14202,15322)))),(((6439,8368),(6069,6917)),((((10829,12096),((6972,(3674,8690)),(9467,13361))),(10001,15428)),((((5028,(6424,12564)),(1558,14513)),(15275,(14357,(4265,14733)))),(6061,(4904,(2804,9683))))))),(((5964,(((3568,10736),(8410,13242)),(2747,5222))),((((9071,11536),(5779,8057)),((5960,(2969,3173)),((6594,11777),((4632,9684),(4662,13305))))),((((1145,2067),(8560,13253)),(1384,((8573,9547),(15049,(6646,11735))))),((3668,11709),(1164,13320))))),(5163,(13252,(1740,13127))))),(((5570,(2399,10861)),(4683,(6318,15581))),((((15329,(13430,((3230,3351),(2616,7279)))),(11092,12998)),(((6615,9432),(1778,4276)),(((((7160,((((15444,((9085,13215),((4198,((12352,(12863,14776)),(2662,5235))),(7078,(1266,(7394,14677)))))),(9980,13256)),(6483,((9454,(10069,(13863,(4449,(13031,(6524,(10383,(9162,(2270,(15210,15429)))))))))),(10245,11654)))),(3033,(13629,((3679,4763),(6021,(353,(2082,(13904,((9038,(1974,(2179,10760))),(15179,(13491,(13470,(11422,((9818,(6170,((10472,(4476,6212)),(6721,(6132,10785))))),(13285,((4640,10688),(4507,7734)))))))))))))))))),(6455,(7543,(14707,(((4331,13732),((14088,(9437,((4509,((10620,(2876,(4762,(12842,(7,3061))))),(120,7741))),(12454,(2388,(9528,((8740,(13597,15445)),(6585,(1998,(10708,(12928,12951))))))))))),(12466,(763,((12447,(((2992,(5683,(4421,9914))),(1909,13854)),(1813,(9325,9829)))),(15380,(8277,(1809,(182,(11635,(5706,(10047,(3379,9209))))))))))))),(242,6456)))))),(((532,((((3680,(6103,(7397,8334))),(9930,13540)),(1561,(((6574,13776),(2213,2669)),(6762,13432)))),(((4459,((4713,6741),(9390,9682))),(9831,14326)),(14696,(5018,(7130,9599)))))),(((13203,(6674,14947)),(6220,8526)),((14869,(9330,14095)),((2896,11122),(5814,13719))))),(((4435,(5769,(8140,(5753,13741)))),(13808,(5295,(14841,(304,13354))))),((2165,(8529,9408)),((7835,13478),(2707,(4271,(7794,13665)))))))),((6920,((((11312,13946),(((2058,6587),(1348,3077)),((3264,5482),(3089,14625)))),((2621,5980),((((((7593,14066),(4430,(3949,4087))),(3726,13700)),((9341,(14538,14660)),(5274,11095))),(((14805,(10386,12127)),(7511,14630)),((4663,(7956,(10932,(8805,(2759,(429,6952)))))),(2142,(3561,(5962,(9451,((3155,(2022,5107)),((7244,14431),((((((5965,(2196,(8792,(((2792,(9121,(2332,(11946,12192)))),(7619,10077)),(4964,((3160,(2162,(4383,(9742,(71,9411))))),(1218,5375))))))),(14331,(((15207,(9699,(9252,(7232,(10240,((3326,9944),(7177,(8378,15284)))))))),(3569,((1408,8130),(744,(14667,(12502,(10765,(335,5099)))))))),(1229,(11459,((2369,(15045,(15592,(2946,(5243,(3267,(13378,(13677,((13382,15146),(((((10545,13702),(3863,11524)),(12330,12696)),(3390,11742)),(2930,11064))))))))))),(5829,(2378,4652)))))))),(12077,((285,2850),(((2516,13782),(11400,(14900,(((8959,(6409,6433)),(2936,(15039,(15566,(11636,((12023,(13627,(14931,(1152,((5943,(4891,((4162,(11661,13018)),(13399,(10559,13760))))),(5558,((600,3711),(3453,13971)))))))),(700,13521))))))),(2890,(8357,((1486,2034),(6163,((5506,9970),(5603,(15055,(7376,11768)))))))))))),(2328,(11038,11781)))))),(((((((3300,(176,1390)),((13423,15036),(5525,9449))),(9409,(10360,(2299,10820)))),((1980,14550),((5102,11696),(7348,(10615,12560))))),(((11499,(6670,(370,8597))),(((4829,7883),(9680,(12407,(1485,10138)))),(((3241,3677),((10850,11844),(378,2740))),(3231,10709)))),(((815,7139),(12345,(2609,6978))),(5278,((14535,(2567,11893)),((13267,(3281,8131)),(5729,(1948,5413)))))))),((((1416,(15667,(1428,11899))),(3066,7506)),(1671,(2329,(5722,(1852,11737))))),(((14676,((6476,15450),(1013,11012))),((4106,13522),(1512,14541))),((578,(13610,(5276,13578))),(5269,(10391,(12716,14851))))))),(((972,2731),(4321,12069)),(((5133,((9300,(109,5931)),(2532,9412))),(1280,3309)),((12340,(5483,7214)),(620,(579,2961))))))),((8634,(7286,((10816,13806),(15015,((50,2397),(617,9765)))))),(8554,(822,(((2401,3766),(6466,7081)),(7483,(1310,(2060,10078)))))))),((5845,((7073,(((9560,10164),(7121,8171)),(5153,(4541,14034)))),((4618,12782),(1254,7250)))),(13105,(8723,((11611,15449),(2043,7811))))))))))))))),(4002,10082)))),(6545,(3261,12155)))),(5425,9751))),(2684,(7695,12366))))),(14220,(10617,((8392,(2144,14372)),(1830,10377))))))),(((2644,5374),(2054,(2928,11927))),(1893,3277))),(11845,14007));
((((((((9357,(1371,4525)),((6485,12646),((6016,12743),(8350,(12080,(6040,(1934,11589))))))),((7514,(13828,15239)),(215,13005))),((((9661,11827),(2752,3162)),(((3262,7001),(13725,(13559,(6549,7373)))),((6054,(((7782,(((13426,13686),((2021,(5252,(3705,(2855,5605)))),(1283,(6833,(1303,15350))))),(((((9997,(2796,(4105,9004))),((13273,13941),(695,8224))),((427,9132),(8622,(6269,11762)))),(((2354,(14761,(7894,14002))),(((9558,(12642,(6626,13781))),(8292,15200)),((4380,14290),((7462,10891),((3359,(61,4244)),(185,11291)))))),(((13086,(5614,9957)),(5173,9717)),(((12310,(3969,(11691,(198,3299)))),(8367,(11776,12436))),(9847,(14966,(11791,15360))))))),((10417,(166,((9015,11537),(10021,(((((((((8016,(7172,8502)),((5566,15396),(1237,11982))),(((9987,(2958,8492)),(835,(8870,12208))),(((1633,6043),(1607,2166)),(2625,4262)))),((((493,9665),(5651,9010)),(9322,(3478,(12786,15156)))),(((6855,12879),(11846,15111)),((5754,(7306,8580)),(8788,9028))))),(((((1122,12719),(107,11235)),((10134,(6992,13161)),(11669,14419))),((((2175,4986),(2448,14940)),(4463,7113)),((3630,6281),(7512,8957)))),((((3642,12384),((10622,12047),(8127,10782))),(((1882,8200),(2161,10014)),((3081,14062),(2781,15087)))),((((1799,5170),(13524,15267)),((4349,5622),(6631,12657))),(((9137,10140),(11126,12990)),(2870,14172)))))),((((((((9014,12071),(2530,9455)),(9211,(8054,(3003,8515)))),(((977,6601),(1857,(3610,14255))),((6469,(12483,14699)),(((15113,(9417,(276,4936))),(5682,(4496,13402))),(4494,(4316,14917)))))),(((2386,(14846,(3096,13544))),(5489,(5240,8181))),(((12255,(7203,10330)),(5162,8598)),((3090,3410),((9657,10727),(2379,15327)))))),((((9652,11343),(1369,2539)),(52,(10839,(328,10059)))),(6179,15462))),((((11355,(5862,11646)),(7605,(6567,9685))),((15250,(((9664,(10508,14937)),(1646,6542)),(776,15032))),(((8766,(9347,10058)),(11460,(1393,6648))),(4229,((4280,(7773,11101)),((((412,(10814,(814,10844))),(2290,(7202,12753))),(2046,(5306,6193))),(14995,(9891,(6127,11658))))))))),(((((((12705,14233),(2283,2800)),((77,13803),(2077,13337))),(((4206,9239),(1944,14929)),(2507,3255))),(8311,(10217,12765))),(((((15374,(5933,14345)),(((4817,(1673,5352)),((2954,14680),((9893,12418),(15315,(9113,(3406,4889)))))),(9298,((11219,(3266,8967)),(15305,(10569,13433)))))),(((3644,12864),(8398,14089)),(4550,((2027,13092),(844,(10068,10981)))))),((8364,9141),((12114,13281),(10637,12032)))),((12683,(((5110,7010),(6926,14711)),((2052,11548),(8161,(6001,11851))))),((9173,(11652,(3010,(7371,(10066,14922))))),((11446,(1407,4319)),(153,14501)))))),(263,(((10197,12488),(5885,7030)),(9187,((11489,(4976,8313)),(2550,11019)))))))),((13913,(((410,12331),(10376,15471)),(15416,(4741,14362)))),((((244,(10000,11396)),(7312,9607)),((3664,3767),(10675,12749))),((3337,5340),(1993,12812)))))),(12528,(12690,((5420,(10979,15542)),((7377,(1282,(11025,14960))),(4246,((2447,11292),(1936,(3634,14188))))))))),(1232,3901)),(3626,4165)))))),((3936,((9519,(670,15065)),(7488,11875))),(1352,1793)))))),(10123,((13041,15100),(3865,15013)))),(6722,(9402,15501)))),(14179,(1338,6261))))),(((5626,11710),((12536,(14984,(14485,(12401,13335)))),((4238,15302),(2962,(5776,11833))))),((((2177,11344),(((15205,(6856,7558)),((2960,(7708,12846)),(8231,10787))),((2374,5299),((3824,5739),(14684,(850,3138)))))),(4625,(13028,(5621,(12431,13812))))),(((((1264,7114),((8859,(8873,(3532,8961))),(1642,9794))),(6367,6420)),((((((11867,(3022,10518)),(2101,7180)),((160,4987),(14734,15317))),(((7542,7940),((8136,(7961,13148)),(10904,(9428,13533)))),(((459,13355),(12017,((7554,10012),(138,11133)))),((6221,(5025,(4026,11113))),((2724,(3977,9922)),(14441,(5117,15607))))))),((8076,11159),(15115,(99,12320)))),(10062,11427))),((757,(((4667,(8445,(2102,14458))),(3810,(5116,(6544,13693)))),((6155,10742),(15196,(3021,(3014,4282)))))),((((9553,(10605,14446)),((12592,(1524,3238)),(3050,9453))),(7815,((3926,(6869,13160)),((6763,9659),(12948,((6024,7067),((1250,4401),(3491,7370)))))))),((2454,(6159,6778)),((7098,9973),(4104,9386)))))))))),((8594,15181),(3305,5847))),((9896,((2719,12252),((7384,15174),(1802,5929)))),(8989,(1991,2557)))),((((15568,15621),(248,1233)),((((10721,((1725,2424),(2842,6207))),((3952,(8697,(4890,12469))),(10085,(5834,15028)))),((14566,(9745,14591)),(4666,14479))),(((6137,13153),(14168,(1885,4077))),(3654,5640)))),((((3058,5461),(11849,(912,14405))),(((2943,5457),(7328,((13532,(7179,13512)),(4596,4804)))),((((11448,11970),(8269,12729)),(2072,11856)),(10601,(282,(4336,10479)))))),((13085,(1779,15343)),((7955,(186,10157)),((5744,11223),((9737,(2210,(7363,13983))),((14840,(2650,14717)),(10691,14911))))))))),(2358,3148));
(((7534,9170),(7690,((((7968,((7657,(5768,14133)),(9266,12982))),(13124,(5388,(432,2525)))),(12487,(12349,(9718,(13377,(11711,14948)))))),((((3387,(((7059,13515),(4968,((3209,9909),(6085,(4815,12311))))),(((13514,(((7670,(9925,10469)),(6688,((11410,13472),((7341,7950),((9104,(8954,(7521,12085))),(10294,11932)))))),(1848,11225))),(((13019,15521),(3040,8254)),((1227,15191),((1981,((((2116,5595),(12018,14368)),(((((((10288,15192),(1744,(5538,7213))),(8868,(585,6769))),(4504,(2363,13096))),(((10378,(12663,14815)),((((725,10869),(14193,(11229,(2,4801)))),((((9960,(2917,3481)),((1380,11074),(7216,7885))),((((5366,12843),(1027,5669)),((12279,(6164,9220)),(6185,11616))),(5361,11345))),(15211,(6023,(4466,(8116,8652)))))),(((9326,(9900,11698)),(((11604,12425),(11439,14060)),((6362,(9172,(6764,(3510,13445)))),(12007,12397)))),(((15493,(10128,12190)),(1141,3018)),((9352,(281,13210)),((838,2682),(2335,4447))))))),((5104,(2090,(8618,((1554,1925),(4956,6595))))),((2091,((8474,(14413,14608)),(15682,(11600,14121)))),((7812,9336),(14212,15041)))))),((((131,(((5572,(((383,15498),(13201,14071)),(15353,(4324,12308)))),((14407,(8663,10524)),(9636,(12500,(8298,12472))))),((10503,(8691,9358)),(((12395,(997,10992)),(1735,4733)),(13118,(5527,14386)))))),((2526,(121,1823)),((1618,7461),(15557,(595,5601))))),(((1095,(6836,14013)),(12710,(6437,8083))),(1251,10333))),(6222,(7659,11339)))),((1117,(4390,(2817,7844))),(11366,14361)))),(((8654,13440),(9889,12604)),(9708,(12097,(12651,(5867,13098))))))),(9587,10099))))),(3143,(9295,9360))))),(((((13998,(9144,(300,(4113,14629)))),(3278,5201)),(((7546,(9400,((((8671,(9762,10234)),(1689,14154)),(7617,11479)),(12167,(8188,8895))))),((7159,(14291,15058)),(9030,14207))),(7498,14749))),(2915,(9207,(249,1183)))),((14492,(258,(14983,(9614,10681)))),((7508,(3973,12823)),(((14018,15088),((2262,10556),(11830,(2641,4082)))),(6271,((((14091,(13838,(7703,13035))),(3001,(10815,(8260,10119)))),((9557,(8638,((5574,8850),(4297,4962)))),((6985,(12481,(14218,15096))),((((7241,(3273,11645)),(7324,9057)),(2204,(14569,(8886,11381)))),((1471,(6868,13080)),(5316,((3172,(9394,13286)),(9962,15417)))))))),(((1383,2713),((4442,13358),(2952,(6902,7034)))),((5832,10434),(((2057,9122),(118,2182)),((1586,2097),(10642,(6649,12626))))))))))))),((1606,9047),(123,10337))),(((11287,(13187,(277,9810))),(((12332,13616),(1599,12064)),((4766,9183),(1621,(2840,(7847,8701)))))),((4637,(11587,15488)),(8917,(3603,14122)))))))),((2085,(6704,(11517,(618,(12314,14316))))),(3057,(2574,4925))));
((((((7763,(((14801,(12325,12477)),(((4079,9865),(126,(32,6139))),(357,13099))),((((((((8768,14248),(1472,9524)),(5915,12944)),((14252,(2627,4361)),(6291,10827))),(12921,(6035,15540))),(5040,13645)),(((10854,(2445,5702)),(1637,10670)),(9335,(557,9508)))),(9772,(11211,(7274,7911)))))),(((1651,(7297,(14933,(1785,4027)))),(((8557,(4347,(4707,8887))),((2632,4132),(10323,12445))),(2371,(7636,(4560,6899))))),(((3818,9808),(10137,(3676,12995))),(1448,9618)))),((3128,6202),((1625,(((10227,(12624,(4544,(1388,(5279,(7217,9362)))))),(14371,(683,13703))),(12055,((6538,(12543,(15352,(3884,(9700,(3332,(6602,(7749,7863)))))))),(5894,(7898,12504)))))),((11273,(2996,(7449,(2518,(996,(9235,(299,((((((14588,(2112,(680,9989))),((4256,14300),(((3331,6525),(4599,11323)),(5138,(5830,(6430,(1729,6630))))))),(((2056,13926),((7185,(11659,(7327,(11624,(13276,((1335,(((790,(7063,12848)),(1083,13146)),(5408,(4277,9605)))),(9877,(13102,((7435,10520),(9161,(((9748,15093),(6442,11205)),(3740,14021)))))))))))),(9874,((((9093,(3008,(2242,(1430,13525)))),(1135,10049)),(15344,(4139,((3615,(5475,(9095,((2925,14298),(12459,((4253,14738),(706,(10255,11146)))))))),(6746,9123))))),(11871,(1526,((1842,(5735,(4718,14709))),(5068,(367,6559))))))))),(((8736,11129),(104,((7282,14879),(2572,12039)))),((11013,(2901,5909)),((15395,(764,13889)),(11362,(3622,6739))))))),(2563,(2859,(12776,14496)))),(7709,(5869,((11794,14642),(12020,(((2631,12068),(2652,(7718,13308))),(((7747,13712),(7145,(2489,3335))),(12199,(7119,(3239,(6964,(((12148,(6143,(6988,(4552,12144)))),(727,4445)),(5260,5285))))))))))))),((9448,13390),((4008,6509),(6695,(571,1653)))))))))))),((6554,(2500,(4314,(2119,4787)))),(9321,10364)))))),(8237,13607)),(8461,(859,13650))),((4429,9205),((4691,11240),(1559,(11756,11989)))));
(((6980,((15553,((633,15118),(12658,((10334,15092),((10287,(15219,(3873,((((5934,11985),(2820,7094)),(518,9036)),(9689,14281))))),(14,4378)))))),(6492,12094))),((4661,(((471,(6830,15346)),(7938,13819)),((264,11545),(((6226,9833),(2163,5421)),(9931,(5836,(515,7019))))))),(9189,((535,((((576,(6782,(14163,(6490,(12312,((4415,13144),(7166,(11011,(15609,(12139,13318)))))))))),((8994,9864),(9206,(((2398,7867),((15069,(10273,(8640,10095))),(4527,12672))),(157,(396,7963)))))),((((((((3571,14914),((((3842,(6521,9369)),(3797,(9578,13030))),((((5390,9068),(10191,(13530,14806))),(2362,(1600,10263))),(2350,(10,3890)))),(((13306,14232),(3367,6584)),(1360,((1822,8741),(13459,(3439,15059))))))),(((((10437,(6816,7705)),(6323,13936)),(8846,(3253,14186))),(3744,14628)),(((8194,(5883,(4288,14988))),(6245,10116)),(5324,14582)))),((((6838,8963),(3260,(8551,13271))),((7878,((3848,14364),(((6116,14318),(13895,14401)),(8405,8409)))),(6074,(10490,11745)))),(((7800,8637),((1899,14395),(866,12040))),(((5226,7351),(10420,(7020,14898))),((13372,(9034,15283)),(8511,(9929,13024))))))),(9397,(1468,(3027,(3263,(3892,(2392,(2980,((793,1344),(((13012,13994),(1275,14533)),(2295,3616))))))))))),(5695,8067)),((((1942,11275),(12082,14755)),((1937,14323),(781,2880))),((1957,(1160,8521)),((5746,7413),(8222,14662))))),((((12404,(97,14573)),(10840,(1497,2881))),((1174,2110),(3136,4200))),((11420,(10141,(5548,8173))),(11212,(4877,12884)))))),(((15124,(((11106,(((((7662,12525),(6472,(2019,(6136,9133)))),((9135,((((324,((10225,14385),(12805,15516))),(2691,15221)),(5697,((6781,(5642,9849)),(899,(5325,13498))))),(5394,(((15104,(10268,11302)),(((3280,((1482,13228),(687,(426,(7843,((10529,13927),(5319,((1110,14065),(1143,8779))))))))),(9182,12960)),(15220,((6052,((15341,(4990,(431,((2818,14226),((11021,(2451,(3980,(8137,11433)))),(8014,10761)))))),(2288,((9110,11333),(10271,(500,10602)))))),(14162,(((6351,(5368,(6987,11755))),(5309,((12777,15147),(7249,(5881,(5406,14320)))))),(3384,(6265,(1863,((1058,4617),(7945,((2503,7125),((9564,(2944,12450)),(5057,7291)))))))))))))),(6330,15423))))),(4372,9761))),(((((((10677,(2816,(1470,5751))),((1119,10684),((14525,15286),(6897,8727)))),(9487,(9918,15457))),((581,(2577,9807)),(10982,11331))),(1548,(4999,9223))),((((7975,(5874,13325)),(167,6399)),((((6942,((2337,13396),(1723,10733))),(1392,(2694,10896))),(11757,(897,9229))),(6266,10080))),(7109,((5284,7126),(13475,(11606,13248)))))),(((4458,9759),(12668,(6293,11623))),((6241,(2069,7408)),(7840,14117))))),(((7460,15518),(3982,8705)),((279,13826),(11134,(9844,12906)))))),(((6893,15209),((4149,(14090,(5059,11925))),(8980,(33,3586)))),((7326,(11443,13405)),(11872,(3573,(7910,9301)))))),(((1670,9546),(5720,14581)),((2322,12370),(1265,9471))))),(7779,14842)),((196,(8449,(2588,12041))),(1399,(6197,15669)))))),(7756,((5103,(13709,(7527,((314,14011),((9620,(2766,(3733,14893))),(5031,15602)))))),(14473,(14610,(9438,((461,2552),(4373,10957))))))))))),(10106,(8121,(7388,11999))));
((105,(2246,10950)),((((((5733,(8278,(4563,(8089,15531)))),(10206,(1049,1068))),((((2467,(9204,(8048,10506))),((10644,13878),((6720,(3192,12241)),(10641,(14411,(767,4001)))))),(1598,7936)),((5749,15342),((3250,(9709,14275)),((10786,13054),(5791,8953)))))),(7526,(7053,(3235,(5416,(907,8098)))))),(((((2030,8095),(6904,(417,11186))),(8402,(6565,11741))),((710,2361),(8547,14056))),(13240,((4593,8325),(2660,9512))))),(((((5519,13711),((1317,((3067,13762),(((6642,((15573,(10466,14720)),(14727,(7451,((14344,(1753,((718,11974),(6507,9163)))),(758,13930)))))),(7056,9188)),(1972,7454)))),(((7820,(6706,(2092,10698))),(5557,((6328,(6885,((12079,(5307,(1020,7468))),((360,9333),(1614,9076))))),(13277,(((10195,14512),(13247,(558,2912))),((2802,(8774,(14624,((10211,(3055,(2892,((12934,(8233,(8026,((2529,((14957,(3635,(567,(11254,(3704,14164))))),(5359,7537))),((10371,11260),(12606,14967)))))),(6556,9945))))),((((10662,(((5051,(10198,15332)),((6946,14690),(7198,(6715,(3712,(((11719,((7674,(8373,11072)),(9534,(2592,15410)))),(3998,13833)),(3213,(11996,(6801,10863))))))))),((4857,((1695,((950,(4190,(3125,(2559,5470)))),(2475,(12261,(9979,14110))))),(7480,15025))),(1594,((2927,(11551,15407)),(76,(1414,(4337,((8420,(7947,(10221,((1804,14920),(5553,(1306,5639)))))),(13870,(5677,(6588,9515)))))))))))),(((14551,15265),(847,((293,1097),((10887,((14027,(12448,12739)),(3486,6571))),(13386,(14590,(3167,8050))))))),(14964,(15281,(1932,((6753,(3592,(6083,12089))),(15372,(15155,(13523,(7978,(12475,13053))))))))))),((9619,(2656,8064)),((((2461,6429),(141,1116)),(14127,((2793,(5979,11944)),(868,5311)))),(8647,(3045,3529))))),(((((((3132,3321),(5190,5990)),(((15612,(8391,13473)),(10651,15334)),((1572,14626),(9268,10546)))),((13658,(15101,(80,(10798,15622)))),(1541,(((11597,14589),(7101,14764)),(12016,13322))))),((8197,((5161,8810),(7087,(7199,(8123,(7730,(6184,8606))))))),((74,(1190,11409)),((12959,(1036,(11515,(4036,7368)))),(11458,(5137,(5039,9611))))))),(7278,(798,5013))),((((14974,15240),(2514,5678)),(7853,(11969,14739))),((1879,10803),(3938,13132))))))))),(((5310,(6714,11233)),(1529,3673)),(4914,7655)))))))),(4907,11119)))),((5488,10246),((((((8381,14349),(226,(11526,(9018,(1089,5345))))),((((12430,(12321,14026)),(14558,(6045,(8164,15513)))),(11513,(2007,(4384,(1631,11997))))),((2100,11399),(6969,(3471,10538))))),(((3364,13875),(5550,(8003,(356,9495)))),(1816,14169))),(((8246,(3983,11473)),(((9064,14414),(1188,7197)),((7361,14173),(2141,14400)))),(5611,(361,(8371,(5424,6729)))))),(((11900,(3976,5320)),((368,12779),(10244,(12282,14936)))),((7673,7767),((2626,4426),(8487,15629))))))),(((10139,13487),(6579,(2504,(194,15404)))),(((550,((6877,13622),(2831,14634))),(2154,3120)),((14373,(4920,(3275,9969))),(4412,12400))))),((4760,(5205,11455)),(((4682,5152),(1118,10625)),(8624,12478))))));
